"TOA5","1481","CR3000","1481","CR3000.Std.32.06","CPU:AWS_MaggieMay.CR3","1996","Res_data_1_min"
"TIMESTAMP","RECORD","BattV","temperature_1","temperature_2","rel_humidity_1","rel_humidity_2","wind_speed_1","wind_speed_2","gust_speed_1","gust_speed_2","wind_direction","air_pressure","SWup","SWdown","LWup","LWdown","CNR1_T_degC","ground_temperature"
"TS","RN","Volts","degC","degC","%","%","m/s","m/s","m/s","m/s","deg","hPa","W/m^2","W/m^2","W/m^2","W/m^2","degC","degC"
"","","Min","Avg","Avg","Smp","Smp","Avg","Avg","Max","Max","Smp","Avg","Avg","Avg","Avg","Avg","Avg","Avg"
"2026-03-18 08:33:00",878,13.45,-3.39,-3.02,65.64,64.15,1.933,2.647,2.986,3.528,286.4,1004.518,44.02,51.14,281.1,217.7,-3.361,-5.333
"2026-03-18 08:34:00",879,13.45,-3.364,-3.201,64.5,64.32,1.002,1.698,1.699,2.548,287.3,1004.551,50.03,59,280.2,217.7,-3.41,-5.142
"2026-03-18 08:35:00",880,13.45,-3.63,-3.584,64.51,66.02,0.635,1.813,1.287,2.45,281.8,1004.508,44.04,51.91,278.4,217.6,-3.577,-5.429
"2026-03-18 08:36:00",881,13.45,-4.002,-3.903,64.78,67.32,0.604,2.157,1.236,2.842,274.3,1004.487,43.75,52.03,276.9,218.9,-3.719,-5.823
"2026-03-18 08:37:00",882,0,-3.425,-3.066,66.34,68.06,0.495,2.025,0.686,2.94,292.7,771.8341,42.73,50.42,211.2,169.3,-3.006,-4.745
"2026-03-18 08:38:00",883,14.31,-4.555,-4.043,68,68.45,0.987,1.925,1.75,2.45,282.7,1004.511,53.99,64.96,275.8,221.2,-3.953,-6.286
"2026-03-18 08:39:00",884,14.31,-4.542,-4.034,68.32,67.35,0.856,1.451,1.596,2.352,257.4,1004.454,48.57,59.16,276,223.4,-3.996,-6.371
"2026-03-18 08:40:00",885,14.31,-4.57,-4.2,67.54,68.08,0.998,1.681,2.059,2.646,260.8,1004.432,47.31,57.74,275.4,226.2,-4.069,-6.458
"2026-03-18 08:41:00",886,14.31,-4.648,-4.251,68.08,67.88,1.375,1.82,2.008,2.45,214.8,1004.381,49.23,60.83,276.4,229.8,-4.172,-6.451
"2026-03-18 08:42:00",887,14.31,-4.639,-4.156,69.62,68.59,2.38,3.129,3.089,3.822,243,1004.352,61.97,75.63,277.5,235.6,-4.254,-6.401
"2026-03-18 08:43:00",888,14.31,-4.444,-4.034,67.65,66.92,1.466,1.974,1.905,2.842,246.5,1004.387,88.3,109,279.1,240,-4.237,-6.214
"2026-03-18 08:44:00",889,14.31,-4.541,-4.168,67.51,67.69,0.555,1.212,1.081,1.764,288.9,1004.411,54.16,69.58,279.4,243.9,-4.254,-6.243
"2026-03-18 08:45:00",890,14.31,-4.616,-4.241,67.76,67.8,0.188,0.962,0.515,1.764,273.3,1004.418,52.68,67.31,279.2,247.4,-4.297,-6.259
"2026-03-18 08:46:00",891,14.31,-4.654,-4.286,68.71,69.04,0.641,1.68,1.493,2.45,258.1,1004.397,53.37,68.22,279.6,250.5,-4.318,-6.227
"2026-03-18 08:47:00",892,14.31,-4.585,-4.215,68.59,68.78,1.532,2.557,1.905,3.136,249.8,1004.348,54.26,69.31,280.6,252.6,-4.346,-6.082
"2026-03-18 08:48:00",893,14.31,-4.507,-4.025,69.26,68.46,2.182,3.096,2.574,3.43,252,1004.307,54.3,69.53,281.7,253.5,-4.363,-5.942
"2026-03-18 08:49:00",894,14.31,-4.286,-3.646,68.55,66.27,2.39,3.158,2.625,3.43,244.8,1004.301,55.15,70.13,282.7,253,-4.358,-5.759
"2026-03-18 08:50:00",895,14.31,-4.061,-3.346,67.74,64.72,2.108,2.689,2.265,3.136,240.6,1004.329,55.68,70.93,283.1,254.5,-4.364,-5.684
"2026-03-18 08:51:00",896,14.31,-3.927,-3.224,67.41,65.31,2.227,2.887,2.574,3.43,256.5,1004.34,53.14,68.47,283.7,256.5,-4.369,-5.641
"2026-03-18 08:52:00",897,14.31,-3.788,-3.025,67.23,64.32,2.533,3.593,3.14,4.312,253.2,1004.295,51.02,66.26,284.1,254.6,-4.376,-5.584
"2026-03-18 08:53:00",898,14.31,-3.677,-2.948,66.34,64.49,2.176,3.527,3.037,3.92,255.8,1004.29,47.81,61.13,284.6,250.3,-4.331,-5.353
"2026-03-18 08:54:00",899,14.31,-3.677,-2.899,66.99,63.72,2.582,3.181,3.192,3.724,250.4,1004.31,47.92,61.14,284.8,250.4,-4.31,-5.283
"2026-03-18 08:55:00",900,14.31,-3.502,-2.841,66.16,63.93,1.792,2.485,2.162,3.038,246,1004.358,49.88,63.7,284.9,252.1,-4.266,-5.203
"2026-03-18 08:56:00",901,14.31,-3.521,-2.956,66.08,64.36,1.258,1.992,1.75,2.45,245.9,1004.39,49.42,63.21,284.7,252.3,-4.231,-5.187
"2026-03-18 08:57:00",902,14.31,-3.599,-3.111,66.87,65.47,2.031,2.942,3.604,4.312,256.4,1004.352,47.67,60.85,284.6,250.6,-4.207,-5.181
"2026-03-18 08:58:00",903,14.31,-3.485,-3.048,66.47,64.99,2.806,3.825,3.604,4.312,254.9,1004.289,46.18,58.41,285.7,248.3,-4.127,-5.012
"2026-03-18 08:59:00",904,14.31,-3.46,-3.096,66.26,65.31,2.964,3.921,3.295,4.116,264.5,1004.266,46.55,58.96,286,248.4,-4.104,-4.896
"2026-03-18 09:00:00",905,14.31,-3.573,-3.081,66.44,64.47,2.65,3.382,3.14,3.92,262.7,1004.3,44.92,56.93,285.8,248.3,-4.127,-4.927
"2026-03-18 09:01:00",906,14.31,-3.748,-3.106,67.01,64.89,2.255,3.466,2.523,3.92,271.6,1004.294,43.32,54.71,285.4,249.7,-4.166,-5.067
"2026-03-18 09:02:00",907,14.31,-3.916,-3.242,67.26,65.6,2.075,3.663,3.089,4.508,269.3,1004.273,41.66,52.45,285.1,251.9,-4.225,-5.189
"2026-03-18 09:03:00",908,14.31,-4.042,-3.222,68.25,65.12,3.166,4.299,3.604,4.508,264.8,1004.238,39.91,49.94,285.6,255.2,-4.268,-5.251
"2026-03-18 09:04:00",909,14.31,-3.986,-3.068,68.38,64.27,3.101,4.206,3.604,4.606,267.9,1004.217,40.7,51.06,286.2,259.2,-4.265,-5.206
"2026-03-18 09:05:00",910,14.31,-3.778,-2.88,67.06,62.98,2.306,3.237,3.243,4.018,260.6,1004.233,41.97,52.96,286.8,262.7,-4.236,-5.105
"2026-03-18 09:06:00",911,14.31,-3.732,-3.019,66.85,64.07,1.768,2.68,2.162,3.038,258.9,1004.268,44.5,56.59,286.9,265.2,-4.214,-5.027
"2026-03-18 09:07:00",912,14.31,-3.775,-3.103,66.85,64.42,0.961,1.883,2.008,3.234,249.2,1004.283,45.64,58.39,287.1,267.5,-4.182,-5.008
"2026-03-18 09:08:00",913,14.31,-3.788,-3.245,67.1,64.93,0.237,0.804,1.081,1.47,284.9,1004.273,45.28,58.04,287.4,269.6,-4.135,-4.907
"2026-03-18 09:09:00",914,14.31,-3.782,-3.33,67.32,65.7,1.622,2.526,2.831,3.626,258.2,1004.207,46.87,59.87,287.8,272.8,-4.103,-4.822
"2026-03-18 09:10:00",915,14.31,-3.657,-3.212,66.28,65.33,1.507,2.814,1.853,3.136,257.6,1004.171,46.84,60.26,288,275.9,-4.1,-4.902
"2026-03-18 09:11:00",916,14.31,-3.7,-3.146,66.85,65.03,1.584,2.646,2.059,3.038,266.8,1004.152,46.86,60.47,288.6,277.5,-4.087,-4.92
"2026-03-18 09:12:00",917,14.31,-3.714,-3.189,67.05,65.4,1.181,2.551,1.647,3.136,263.6,1004.167,46.88,60.31,289.1,278.9,-4.049,-4.811
"2026-03-18 09:13:00",918,14.31,-3.73,-3.102,67.55,64.92,1.774,3.101,2.111,3.332,266.8,1004.16,46.77,59.86,289.5,281.1,-4.021,-4.75
"2026-03-18 09:14:00",919,14.31,-3.659,-2.906,67.31,63.95,1.842,3.148,2.111,3.332,263.5,1004.143,48.45,62.19,290.4,283.7,-3.961,-4.631
"2026-03-18 09:15:00",920,14.31,-3.597,-2.766,67.42,63.47,1.971,3.351,2.523,3.626,265.2,1004.114,49.35,63.66,290.9,285.2,-3.913,-4.52
"2026-03-18 09:16:00",921,14.31,-3.49,-2.7,67.2,63.3,2.085,3.281,2.471,3.626,266.7,1004.093,48.03,61.88,291.7,285.4,-3.83,-4.39
"2026-03-18 09:17:00",922,14.31,-3.384,-2.734,67.15,64.39,1.791,3.013,2.265,3.43,265.5,1004.08,48.08,61.64,292.1,285.5,-3.748,-4.232
"2026-03-18 09:18:00",923,14.31,-3.319,-2.729,67.08,63.78,1.973,3.067,2.42,3.626,264.5,1004.082,48.55,62.3,292.5,286.1,-3.679,-4.14
"2026-03-18 09:19:00",924,14.31,-3.201,-2.735,66.61,63.87,1.804,2.802,2.111,3.234,272,1004.081,48.77,62.56,293,286.3,-3.579,-4.023
"2026-03-18 09:20:00",925,14.31,-3.149,-2.794,66.52,65.16,1.228,2.142,1.699,2.744,280.6,1004.077,48.11,61.59,293.2,286.1,-3.512,-3.938
"2026-03-18 09:21:00",926,14.31,-3.185,-2.971,66.99,66.25,1.087,2.083,1.699,2.548,292.4,1004.065,47.69,60.9,293.2,286,-3.466,-3.911
"2026-03-18 09:22:00",927,14.31,-3.306,-3.114,67.64,66.38,1.565,2.772,2.574,3.528,277.1,1004.04,47.05,60.17,293.1,286.1,-3.459,-3.963
"2026-03-18 09:23:00",928,14.31,-3.331,-2.959,67.18,64.06,2.399,3.163,2.728,3.43,273.3,1003.996,47.15,60.33,293.4,286.8,-3.419,-3.967
"2026-03-18 09:24:00",929,14.31,-3.24,-2.821,66.37,63.71,2.103,3.1,2.574,3.234,271.1,1003.968,47.75,61.21,293.6,287,-3.381,-3.921
"2026-03-18 09:25:00",930,14.31,-3.213,-2.819,66.9,65.15,1.492,2.569,1.905,3.136,273.6,1003.968,47.81,61.35,293.6,286.8,-3.353,-3.9
"2026-03-18 09:26:00",931,14.31,-3.278,-2.931,67.82,66.38,1.44,2.541,2.111,3.234,284.6,1003.953,47,60.25,293.5,286.1,-3.338,-3.91
"2026-03-18 09:27:00",932,14.31,-3.322,-2.995,67.94,66.8,1.691,2.41,2.42,3.136,297.3,1003.939,46.83,60.01,293.6,285.4,-3.314,-3.891
"2026-03-18 09:28:00",933,14.31,-3.294,-3.065,68.46,66.85,1.283,2.154,2.317,3.136,288.6,1003.936,47.12,60.32,293.8,285,-3.269,-3.821
"2026-03-18 09:29:00",934,14.31,-3.272,-3.054,66.94,65.84,1.323,1.84,2.317,2.842,282.2,1003.91,47.6,60.84,293.9,285.6,-3.219,-3.78
"2026-03-18 09:30:00",935,14.31,-3.206,-3.098,67.4,67.1,0.655,1.666,1.133,2.744,281,1003.93,49.95,63.93,293.9,286.2,-3.18,-3.731
"2026-03-18 09:31:00",936,14.31,-3.253,-3.161,66.93,66.39,1.43,2.188,1.956,2.744,283.5,1003.907,51.33,65.95,293.9,286.6,-3.169,-3.768
"2026-03-18 09:32:00",937,14.31,-3.287,-3.238,67.79,68.22,1.077,1.96,1.544,2.254,284.1,1003.877,50.79,65.33,293.9,286.4,-3.152,-3.793
"2026-03-18 09:33:00",938,14.31,-3.401,-3.288,68.55,66.63,1.342,2.386,1.544,2.548,294.3,1003.858,51.63,66.23,293.8,287.2,-3.174,-3.85
"2026-03-18 09:34:00",939,14.31,-3.52,-3.177,68.59,66.76,1.419,2.127,1.647,2.45,295.6,1003.846,54.73,70.56,293.9,287.8,-3.193,-3.911
"2026-03-18 09:35:00",940,14.31,-3.526,-3.196,69.25,67.5,0.925,1.988,1.236,2.352,293.9,1003.848,56.41,73.2,294,287.7,-3.185,-3.919
"2026-03-18 09:36:00",941,14.31,-3.546,-3.16,68.91,66.04,1.305,2.015,1.441,2.254,287.6,1003.841,57.26,74.4,294,287.9,-3.19,-3.915
"2026-03-18 09:37:00",942,14.31,-3.442,-3.029,68.05,64.92,1.505,2.285,1.75,2.45,282.9,1003.804,58.04,75.57,294.2,288.1,-3.161,-3.882
"2026-03-18 09:38:00",943,14.31,-3.256,-2.841,67.43,64.2,1.537,2.317,1.905,2.548,271.2,1003.742,59.38,77.24,294.4,288.3,-3.12,-3.818
"2026-03-18 09:39:00",944,14.31,-3.121,-2.745,67.16,64.8,1.28,2.315,1.75,2.548,275.8,1003.709,61.28,79.97,294.7,288.2,-3.078,-3.76
"2026-03-18 09:40:00",945,14.31,-3.111,-2.741,67.76,64.15,1.042,2.12,1.338,2.352,271.7,1003.695,61.56,80.4,294.8,287.9,-3.04,-3.714
"2026-03-18 09:41:00",946,14.31,-3.164,-2.728,67.86,64.81,1.175,1.882,1.338,2.058,269.1,1003.674,60.02,78.33,294.8,287.8,-3.035,-3.71
"2026-03-18 09:42:00",947,14.31,-3.179,-2.727,67.56,64.01,1.549,2.39,2.059,2.744,273.9,1003.649,58.74,76.51,294.8,288.2,-3.024,-3.722
"2026-03-18 09:43:00",948,14.31,-3.052,-2.541,66.35,62.99,1.919,2.459,2.162,2.94,279.3,1003.603,58.6,76.43,294.9,287.8,-2.995,-3.724
"2026-03-18 09:44:00",949,14.31,-2.87,-2.449,66.22,63.63,1.66,2.447,1.956,2.744,280.3,1003.585,58.25,76.15,294.9,286,-2.966,-3.688
"2026-03-18 09:45:00",950,14.31,-2.794,-2.395,65.79,62.96,1.581,2.23,1.853,2.548,283.8,1003.585,55.69,72.48,295,284.7,-2.915,-3.626
"2026-03-18 09:46:00",951,14.31,-2.679,-2.326,65.99,64.37,0.76,1.375,1.338,1.96,271.3,1003.635,54.14,69.75,295,285.6,-2.854,-3.521
"2026-03-18 09:47:00",952,14.31,-2.588,-2.25,65.11,62.57,1.088,1.946,1.596,2.254,275.3,1003.614,55.49,71.22,295.3,287.9,-2.764,-3.433
"2026-03-18 09:48:00",953,14.31,-2.418,-2.124,64.8,62.72,0.934,1.83,1.338,2.352,272.9,1003.566,56.7,72.86,295.7,288.2,-2.664,-3.283
"2026-03-18 09:49:00",954,14.31,-2.313,-2.046,63.84,61.59,1.538,2.304,2.111,2.94,252.7,1003.525,55.89,71.78,295.9,288.2,-2.593,-3.225
"2026-03-18 09:50:00",955,14.31,-2.093,-1.805,62.3,59.55,2.323,2.712,3.089,3.234,253.8,1003.493,55.05,70.44,296.5,289.4,-2.47,-3.093
"2026-03-18 09:51:00",956,14.31,-1.764,-1.469,61.22,57.65,1.975,2.606,2.78,3.234,262,1003.523,55.9,71.1,297,290.2,-2.32,-2.93
"2026-03-18 09:52:00",957,14.31,-1.455,-1.152,60.57,57.3,0.285,0.225,1.905,1.176,319.5,1003.545,56.39,71.46,297.3,290.2,-2.161,-2.808
"2026-03-18 09:53:00",958,14.31,-1.272,-1.048,60.48,59.23,0.472,0.858,1.03,1.372,352.6,1003.507,56.31,71.38,297.1,288.9,-2.092,-2.772
"2026-03-18 09:54:00",959,14.31,-1.395,-1.208,60.98,59.72,0.121,0.221,0.463,0.882,348.1,1003.469,53.84,68.39,297,288,-2.044,-2.853
"2026-03-18 09:55:00",960,14.31,-1.518,-1.326,60.57,58.83,0.011,0,0.154,0,341.8,1003.42,52.21,66.19,296.6,287.6,-1.996,-2.889
"2026-03-18 09:56:00",961,14.31,-1.523,-1.311,60.37,58.34,0.003,0.057,0.051,0.588,320.6,1003.383,51.42,65.07,296.4,287.8,-1.941,-2.955
"2026-03-18 09:57:00",962,14.31,-1.469,-1.203,60.41,58.08,0,0.578,0,0.98,305.7,1003.369,50.71,64.04,296.3,287.7,-1.893,-2.999
"2026-03-18 09:58:00",963,14.31,-1.355,-1.097,59.87,57.74,0,0.016,0,0.392,299.2,1003.354,50.07,63.27,296.2,288.1,-1.851,-2.993
"2026-03-18 09:59:00",964,14.31,-1.24,-0.996,59.66,57.12,0,0,0,0,299.2,1003.349,49.92,62.92,296.3,288.6,-1.798,-2.973
"2026-03-18 10:00:00",965,14.31,-1.169,-0.888,59.12,56.71,0,0,0,0,299.2,1003.336,51.08,64.29,296.5,290.3,-1.731,-2.95
"2026-03-18 10:01:00",966,14.31,-1.067,-0.766,59.35,56.08,0,0,0,0,299.2,1003.309,51.85,65.26,296.7,290.5,-1.665,-2.911
"2026-03-18 10:02:00",967,14.31,-1.017,-0.659,59.08,56.56,0.003,0.015,0.051,0.392,145.7,1003.278,50.72,63.88,296.9,290.4,-1.622,-2.934
"2026-03-18 10:03:00",968,14.31,-0.996,-0.615,59.25,56.39,0.003,0.031,0.103,0.49,104.8,1003.294,49.94,62.85,297.3,290.9,-1.558,-2.899
"2026-03-18 10:04:00",969,14.31,-0.97,-0.639,58.53,56.79,0.231,0.545,0.566,1.078,286.3,1003.307,50.98,64.1,297.5,290.2,-1.492,-2.785
"2026-03-18 10:05:00",970,14.31,-0.985,-0.75,59.11,57.82,0.014,0.053,0.154,0.588,286.1,1003.312,53.02,66.88,297.4,289.5,-1.447,-2.682
"2026-03-18 10:06:00",971,14.31,-1.029,-0.821,58.93,57.66,0.115,0.473,0.463,1.078,252.5,1003.25,55.79,70.8,297.7,290,-1.396,-2.665
"2026-03-18 10:07:00",972,14.31,-1.134,-0.945,58.68,57.63,1.065,1.405,1.596,1.764,248.1,1003.236,59.22,75.63,297.8,288.6,-1.37,-2.624
"2026-03-18 10:08:00",973,14.31,-1.376,-1.149,59.83,59.4,0.946,1.329,1.699,1.764,227.4,1003.245,56.95,72.7,297.6,288,-1.395,-2.723
"2026-03-18 10:09:00",974,14.31,-1.689,-1.509,61.27,61.54,0.989,1.626,1.853,2.254,221.9,1003.237,56.21,71.62,297.5,288.9,-1.439,-2.829
"2026-03-18 10:10:00",975,14.31,-2.06,-1.899,63.37,64.58,2.191,2.396,2.625,2.744,202,1003.229,57.95,74,297.1,288.4,-1.512,-2.963
"2026-03-18 10:11:00",976,14.31,-2.392,-2.232,64.9,65.71,1.104,1.771,2.059,2.254,224,1003.237,60.96,78.69,297.1,287.7,-1.585,-3.073
"2026-03-18 10:12:00",977,14.31,-2.603,-2.443,66.2,66.86,0.731,1.453,1.133,1.666,234.2,1003.237,63.95,83.1,296.9,287,-1.628,-3.12
"2026-03-18 10:13:00",978,14.31,-2.746,-2.468,66.8,65.4,0.859,1.117,1.184,1.568,234.9,1003.219,66.72,87,297.1,288.4,-1.686,-3.177
"2026-03-18 10:14:00",979,14.31,-2.643,-2.232,65.7,63.13,0.788,1.097,1.133,1.47,238.6,1003.191,67.25,87.5,297.2,289.5,-1.739,-3.215
"2026-03-18 10:15:00",980,14.31,-2.414,-2.021,64.7,62.29,1.095,1.439,1.441,1.764,244.1,1003.193,65.93,85.8,297.3,290.1,-1.757,-3.214
"2026-03-18 10:16:00",981,14.31,-2.331,-1.856,64.73,61.91,0.943,1.382,1.441,1.862,228.9,1003.221,66.66,86.8,297.5,290.6,-1.766,-3.144
"2026-03-18 10:17:00",982,14.31,-2.342,-1.803,65.31,61.74,0.747,1.39,1.184,1.666,242.3,1003.249,67.38,87.9,297.6,290.6,-1.767,-3.086
"2026-03-18 10:18:00",983,14.31,-2.411,-1.819,64.82,61.3,0.651,1.274,0.978,1.47,240.2,1003.232,66.36,86,297.8,291,-1.766,-3.045
"2026-03-18 10:19:00",984,14.31,-2.366,-1.777,65.24,61.02,0.483,1.065,0.927,1.274,257.6,1003.214,65.76,85,297.8,291.3,-1.764,-3.017
"2026-03-18 10:20:00",985,14.31,-2.337,-1.762,64.91,61.49,0.743,1.359,1.133,1.666,265.7,1003.16,64.91,84.2,297.8,290.6,-1.77,-2.998
"2026-03-18 10:21:00",986,14.31,-2.327,-1.827,65.23,61.37,0.21,1.008,0.669,1.274,252,1003.156,63.33,82,297.7,288.5,-1.77,-2.961
"2026-03-18 10:22:00",987,14.31,-2.314,-1.759,65.31,60.62,0.28,0.799,0.515,1.078,247.4,1003.135,61.5,79.21,297.5,287.9,-1.767,-2.975
"2026-03-18 10:23:00",988,14.31,-2.318,-1.634,65.43,59.6,0.348,0.881,0.875,1.078,233.4,1003.105,62.14,79.51,297.3,288,-1.768,-2.999
"2026-03-18 10:24:00",989,14.31,-2.301,-1.432,64.42,58.59,0.875,1.037,1.236,1.47,214.9,1003.083,65.02,83.3,297.2,287.7,-1.774,-3.018
"2026-03-18 10:25:00",990,14.31,-2.139,-1.28,63.92,58.3,1.517,1.748,2.059,2.45,217.8,1003.065,68.06,87.6,297.2,287.2,-1.77,-3.023
"2026-03-18 10:26:00",991,14.31,-2.14,-1.217,63.95,58.32,1.816,2.303,3.089,2.94,129.8,1003.006,67.97,88,297.6,288.8,-1.771,-3.041
"2026-03-18 10:27:00",992,14.31,-1.508,-0.719,61.76,56.1,0.376,0.86,2.111,2.058,198.1,1002.958,69.34,89.6,299.8,289.6,-1.558,-2.691
"2026-03-18 10:28:00",993,14.31,-1.174,-0.679,61.4,57.89,1.428,2.278,2.317,3.038,221.4,1002.947,71.28,91.5,299.1,287.5,-1.459,-2.316
"2026-03-18 10:29:00",994,14.31,-1.683,-1.003,62.37,57.24,1.823,2.455,2.059,2.744,226.4,1002.923,68.45,88,298.3,287.9,-1.515,-2.5
"2026-03-18 10:30:00",995,14.31,-1.916,-1.087,62.6,57.9,1.711,2.023,2.265,2.548,220.3,1002.919,67.54,87,298.2,286.8,-1.55,-2.633
"2026-03-18 10:31:00",996,14.31,-2.014,-1.27,63.99,60.76,1.654,2.602,2.214,2.94,238.5,1002.907,65.64,84.5,297.7,282.4,-1.567,-2.675
"2026-03-18 10:32:00",997,14.28,-2.266,-1.669,65.3,63.65,1.579,2.646,2.111,2.94,235.6,1002.878,64.49,82.7,297.2,281.2,-1.637,-2.784
"2026-03-18 10:33:00",998,14.31,-2.483,-2.023,66.32,65.32,1.861,2.769,2.317,3.038,241,1002.854,63.62,81,297,283.3,-1.711,-2.93
"2026-03-18 10:34:00",999,14.31,-2.633,-2.285,67.18,66.58,1.325,2.305,1.699,2.646,243.5,1002.865,61.85,78.69,297,286.3,-1.772,-3.048
"2026-03-18 10:35:00",1000,14.32,-2.719,-2.418,67.75,66.63,0.866,1.862,1.338,2.254,247.4,1002.888,62.42,79.53,297.1,288.6,-1.804,-3.084
"2026-03-18 10:36:00",1001,14.31,-2.734,-2.42,67.73,65.27,1.355,2.336,1.802,2.646,248.2,1002.84,63.45,81.3,297.3,289.6,-1.819,-3.071
"2026-03-18 10:37:00",1002,14.31,-2.724,-2.277,67.9,64.31,1.79,2.715,2.059,3.038,250.3,1002.779,62.01,79.53,297.3,290.2,-1.869,-3.067
"2026-03-18 10:38:00",1003,14.31,-2.753,-2.243,68.33,65.81,1.833,2.589,2.265,3.136,237.9,1002.763,60.52,77.65,297.2,289.5,-1.916,-3.096
"2026-03-18 10:39:00",1004,14.31,-2.825,-2.299,68.85,66.23,0.772,1.7,1.39,2.156,241.2,1002.79,60,77.21,297.1,288.5,-1.955,-3.12
"2026-03-18 10:40:00",1005,14.31,-2.88,-2.39,69.35,67.31,0.278,1.146,0.463,1.372,261.7,1002.79,61.1,78.93,297,287.4,-1.957,-3.124
"2026-03-18 10:41:00",1006,14.31,-2.926,-2.566,69.95,68.38,0.44,1.357,0.772,1.862,251.2,1002.754,60.95,79.11,296.8,285.5,-1.978,-3.149
"2026-03-18 10:42:00",1007,14.31,-2.99,-2.619,69.77,66.93,1.215,2.175,1.596,2.45,251.1,1002.697,58.19,75.51,296.5,282.8,-2.02,-3.191
"2026-03-18 10:43:00",1008,14.31,-2.974,-2.543,69.75,66.39,1.361,2.195,1.905,2.548,251,1002.693,55.64,72.05,296.2,281.1,-2.073,-3.234
"2026-03-18 10:44:00",1009,14.31,-2.946,-2.436,69.34,65.95,1.602,2.317,1.956,2.646,248.1,1002.653,55.94,72.33,295.9,281.7,-2.127,-3.285
"2026-03-18 10:45:00",1010,14.31,-2.924,-2.403,69.77,66.26,1.137,2.037,1.647,2.45,251.1,1002.622,58.14,75.14,295.8,282.4,-2.168,-3.313
"2026-03-18 10:46:00",1011,14.31,-3.013,-2.434,69.84,65.69,2.086,2.793,2.368,2.94,251.9,1002.557,59.8,77.36,295.7,284.4,-2.224,-3.36
"2026-03-18 10:47:00",1012,14.31,-3.032,-2.396,70.23,66.81,1.662,2.451,2.214,2.842,258.9,1002.539,59.6,77.39,295.9,284.9,-2.294,-3.405
"2026-03-18 10:48:00",1013,14.31,-3.079,-2.539,70.6,68.05,0.856,1.525,1.493,2.254,275.3,1002.58,56.79,73.73,295.6,282.3,-2.343,-3.421
"2026-03-18 10:49:00",1014,13.46,-3.097,-2.675,70.44,68.31,0.425,1.282,0.824,1.764,283.8,1002.605,53.69,69.43,295.2,280.3,-2.355,-3.396
"2026-03-18 10:50:00",1015,13.46,-3.044,-2.658,69.4,66.5,1.829,2.494,2.574,3.038,274.5,1002.49,50.91,65.54,295.1,279.4,-2.36,-3.364
"2026-03-18 10:51:00",1016,13.46,-2.758,-2.367,67.41,64.2,1.863,2.222,2.677,3.038,291.7,1002.487,48.21,61.55,295.5,278.6,-2.307,-3.255
"2026-03-18 10:52:00",1017,13.46,-2.509,-2.212,66.4,63.44,1.587,2.227,1.956,2.646,303.9,1002.509,47.17,59.8,295.2,278.2,-2.309,-3.193
"2026-03-18 10:53:00",1018,13.46,-2.388,-2.063,65.47,62.42,1.456,1.858,3.037,2.94,297.6,1002.461,46.34,58.75,295.1,279,-2.296,-3.191
"2026-03-18 10:54:00",1019,13.45,-2.155,-1.781,64.69,60.25,1.496,1.847,2.677,3.43,320.7,1002.401,44.76,56.56,296.1,280.5,-2.197,-3.06
"2026-03-18 10:55:00",1020,13.45,-1.662,-1.307,62.76,58.35,0.386,0.54,1.441,1.666,320.8,1002.404,45.96,57.55,297.5,282.1,-1.986,-2.642
"2026-03-18 10:56:00",1021,13.46,-1.14,-0.935,60.63,57.06,0.215,0.216,0.669,0.784,123.4,1002.383,46.65,58.08,297.4,281.8,-1.856,-2.296
"2026-03-18 10:57:00",1022,13.46,-0.794,-0.684,59.11,56.14,0.047,0.031,0.309,0.392,178.9,1002.364,46.65,57.73,297.2,281.9,-1.762,-2.298
"2026-03-18 10:58:00",1023,13.46,-0.505,-0.468,57.88,55.56,0.06,0,0.309,0,138.7,1002.354,47.57,59.01,297.5,283.3,-1.664,-2.332
"2026-03-18 10:59:00",1024,13.46,-0.336,-0.309,57.49,55.57,0.011,0,0.103,0,136.4,1002.343,48.94,60.86,297.3,285.1,-1.586,-2.321
"2026-03-18 11:00:00",1025,13.46,-0.38,-0.244,57.41,55.74,0.008,0,0.154,0,140,1002.299,48.95,61.23,297,287,-1.541,-2.433
"2026-03-18 11:01:00",1026,13.46,-0.439,-0.269,57.13,55.69,0.053,0.264,0.772,1.274,40.63,1002.275,48.92,61.69,297.1,287.2,-1.495,-2.46
"2026-03-18 11:02:00",1027,13.46,-0.459,-0.26,56.45,53.51,1.234,2.112,4.427,4.704,47.22,1002.232,48.04,60.84,297.7,289.1,-1.447,-2.51
"2026-03-18 11:03:00",1028,13.46,-0.193,0.046,54.35,51.13,3.192,3.906,4.736,5.488,68.32,1002.161,48.51,61.08,300.1,291.1,-1.209,-2.265
"2026-03-18 11:04:00",1029,13.46,0.268,0.42,52.78,50.44,3.065,3.77,4.633,5.488,81.9,1002.173,50.65,63.54,301.7,292.3,-0.891,-1.984
"2026-03-18 11:05:00",1030,13.46,0.561,0.628,55.41,55.33,2.415,3.521,3.707,4.508,78.3,1002.168,51.94,65.09,302.1,292.1,-0.678,-1.841
"2026-03-18 11:06:00",1031,13.46,0.517,0.558,55.76,54.6,2.93,3.896,4.221,4.9,42.23,1002.119,50.57,63.3,302.1,291.4,-0.605,-1.816
"2026-03-18 11:07:00",1032,13.46,0.326,0.407,54.34,52.97,2.026,2.52,2.78,3.234,29.67,1002.102,47.89,59.99,301.9,291,-0.567,-1.821
"2026-03-18 11:08:00",1033,13.46,0.293,0.33,54.78,55.07,0.89,1.42,1.596,2.156,344.2,1002.119,47.03,58.55,301.4,289.7,-0.513,-1.816
"2026-03-18 11:09:00",1034,13.46,0.04,0.054,55.87,54.7,0.703,1.298,1.03,1.862,346.7,1002.126,46.52,58.15,300.3,289.3,-0.579,-1.941
"2026-03-18 11:10:00",1035,13.46,-0.308,-0.117,55.74,54.33,0.416,0.94,0.824,1.47,15.2,1002.12,46.67,58.92,299.7,289.6,-0.653,-2.106
"2026-03-18 11:11:00",1036,13.46,-0.416,-0.117,56.17,54.05,0.645,1.458,1.133,2.254,34.58,1002.086,46.63,59.31,299.3,289.7,-0.658,-2.234
"2026-03-18 11:12:00",1037,13.46,-0.381,-0.052,55.29,53.62,0.316,0.79,0.618,1.47,0.071,1002.021,46.9,59.8,299.9,290,-0.6,-2.21
"2026-03-18 11:13:00",1038,13.46,-0.252,0.015,54.75,53.47,0.162,0.189,0.412,0.588,304.2,1001.958,47.6,60.38,299.8,290.2,-0.539,-2.086
"2026-03-18 11:14:00",1039,13.46,-0.172,0.021,54.46,53.26,0.127,0.25,0.309,0.686,301.7,1001.928,47.8,60.5,299.7,290.6,-0.502,-2.032
"2026-03-18 11:15:00",1040,13.46,-0.127,0.063,55.12,53.39,0.007,0,0.103,0,301.7,1001.964,48.08,60.72,299.5,291,-0.469,-2.014
"2026-03-18 11:16:00",1041,13.46,-0.107,0.127,54.8,53.61,0.002,0,0.051,0,303.5,1001.984,47.63,60.28,299.3,290.8,-0.463,-2.053
"2026-03-18 11:17:00",1042,13.46,-0.063,0.159,54,52.87,0,0.158,0,0.882,32.5,1001.955,46.93,59.4,298.9,290.2,-0.444,-2.124
"2026-03-18 11:18:00",1043,13.46,-0.016,0.166,53.76,52.9,0.128,1.039,0.515,1.372,35.05,1001.924,46.74,59.04,298.8,289.7,-0.408,-2.179
"2026-03-18 11:19:00",1044,13.46,0.011,0.155,53.68,53.39,0.496,1.26,0.721,1.568,41.38,1001.907,45.96,58.18,298.6,289.2,-0.423,-2.275
"2026-03-18 11:20:00",1045,13.45,0.006,0.113,53.85,53.55,0.242,0.874,0.772,1.47,58.58,1001.87,44.97,56.97,298.8,289.7,-0.415,-2.343
"2026-03-18 11:21:00",1046,13.46,0.002,0.085,54.24,52.86,0.487,1.359,1.03,2.352,56.33,1001.837,45.17,57.21,299.2,289.8,-0.398,-2.323
"2026-03-18 11:22:00",1047,13.46,0.01,0.13,52.49,50.8,1.162,1.932,1.956,2.744,43.38,1001.784,45.32,57.39,300,290.1,-0.341,-2.254
"2026-03-18 11:23:00",1048,13.46,0.148,0.274,53.98,53.19,2.28,3.142,3.14,4.508,38.89,1001.779,45.3,57.09,300.7,290.2,-0.263,-2.099
"2026-03-18 11:24:00",1049,13.46,0.144,0.245,54.25,53.83,2.682,3.473,3.758,4.41,57.41,1001.794,44.67,56.14,301,290,-0.275,-2.03
"2026-03-18 11:25:00",1050,13.46,0.095,0.245,52.41,50.38,2.647,3.478,3.501,4.312,44.66,1001.779,44.02,55.41,301.6,290.3,-0.251,-2.011
"2026-03-18 11:26:00",1051,13.46,0.228,0.375,52.01,49.43,2.386,3.107,2.934,3.626,46.36,1001.791,44.02,55.27,302.2,290.8,-0.131,-1.876
"2026-03-18 11:27:00",1052,13.46,0.444,0.57,49.85,48.56,2.296,2.934,3.398,4.018,41.46,1001.771,44.5,55.84,302.2,290.8,-0.061,-1.799
"2026-03-18 11:28:00",1053,13.46,0.643,0.719,51.35,50.36,0.53,1.109,1.338,2.156,111.7,1001.735,43.25,54.27,302,290.2,-0.01,-1.723
"2026-03-18 11:29:00",1054,13.46,0.722,0.766,49.8,48.99,0.349,0.51,0.824,1.274,0.071,1001.708,41.41,51.81,301.6,288.2,0.02,-1.729
"2026-03-18 11:30:00",1055,13.46,0.766,0.795,49.04,48.42,1.127,1.774,2.008,2.94,12.81,1001.676,40.41,50.34,301.6,288,0.087,-1.624
"2026-03-18 11:31:00",1056,13.46,0.78,0.793,49.27,49.62,1.11,1.7,2.471,3.136,61.73,1001.674,39.2,48.66,301.8,290.7,0.141,-1.562
"2026-03-18 11:32:00",1057,13.46,0.772,0.769,48.94,48.49,1.051,1.625,1.905,2.548,76,1001.677,38.27,47.31,301.9,292.1,0.182,-1.583
"2026-03-18 11:33:00",1058,13.46,0.778,0.778,48.84,48.13,1.22,1.769,1.956,2.45,79.36,1001.681,37.25,45.96,302.1,292.4,0.223,-1.605
"2026-03-18 11:34:00",1059,13.46,0.813,0.812,49.05,48.29,1.479,1.954,2.111,2.646,53.82,1001.678,36.19,44.45,302.1,292.6,0.248,-1.585
"2026-03-18 11:35:00",1060,13.46,0.818,0.824,48.98,48.79,1.556,2.081,1.802,2.548,51.42,1001.646,35.38,43.47,302,292.3,0.261,-1.613
"2026-03-18 11:36:00",1061,13.46,0.772,0.791,49.16,49.75,3.223,4.005,5.817,6.566,54.6,1001.536,34.44,42.38,301.9,290.5,0.222,-1.673
"2026-03-18 11:37:00",1062,13.46,0.663,0.679,50.23,50.74,2.533,3.079,4.427,4.998,36.98,1001.444,33.69,41.42,302.2,288.4,0.224,-1.688
"2026-03-18 11:38:00",1063,13.46,0.513,0.509,52.88,53.59,4.846,6.099,7.671,9.31,46.29,1001.366,34.33,41.99,302.1,287.5,0.188,-1.706
"2026-03-18 11:39:00",1064,13.46,0.397,0.436,51.14,50.59,6.902,8.07,8.8,10,48.46,1001.277,34.59,42.71,302.7,286.8,0.142,-1.667
"2026-03-18 11:40:00",1065,13.46,0.432,0.499,50.65,50.85,6.065,7.435,8.13,8.92,42.65,1001.255,36.22,44.89,302.7,282.5,0.137,-1.639
"2026-03-18 11:41:00",1066,13.46,0.375,0.477,52,52.07,5.416,6.651,6.744,8.43,39.62,1001.214,35.32,43.93,302.1,273.5,0.081,-1.641
"2026-03-18 11:42:00",1067,13.46,0.315,0.419,53.16,51.8,4.943,6.07,5.869,7.154,39.75,1001.217,34.43,42.56,301.3,267.5,0.013,-1.679
"2026-03-18 11:43:00",1068,13.46,0.238,0.371,52.69,51.46,5.778,7.003,6.95,8.43,40.25,1001.2,35.06,43.3,301.4,269,-0.034,-1.75
"2026-03-18 11:44:00",1069,13.46,0.235,0.414,49.92,48.52,4.832,6.082,6.384,7.644,12.52,1001.21,34.98,43.07,301.4,270.3,-0.066,-1.766
"2026-03-18 11:45:00",1070,13.45,0.36,0.506,51.01,50.22,3.068,3.891,3.707,4.704,32.01,1001.27,34.34,41.86,301,273,-0.06,-1.716
"2026-03-18 11:46:00",1071,13.46,0.36,0.479,51.74,49.72,2.666,3.805,3.295,4.508,36.07,1001.322,34.32,41.58,300.6,275.7,-0.081,-1.774
"2026-03-18 11:47:00",1072,13.46,0.301,0.482,50.44,48.78,3.961,5.018,5.199,6.37,46.07,1001.312,33.83,40.97,300.8,276.3,-0.079,-1.801
"2026-03-18 11:48:00",1073,13.46,0.357,0.511,49.76,49.41,3.94,4.894,4.891,6.174,52.32,1001.324,33.63,40.77,300.9,275.2,-0.081,-1.759
"2026-03-18 11:49:00",1074,13.46,0.322,0.45,52.08,51.86,3.288,4.274,5.354,6.37,55.91,1001.326,33.18,40.18,300.5,275,-0.113,-1.787
"2026-03-18 11:50:00",1075,13.46,0.148,0.285,52.52,52.65,3.651,4.528,5.457,6.174,55.97,1001.321,32.6,39.53,300.5,276.4,-0.177,-1.87
"2026-03-18 11:51:00",1076,13.46,-0.004,0.127,54.72,55.22,2.838,3.703,4.582,5.684,46.95,1001.301,33.38,40.62,300.2,278.7,-0.237,-1.929
"2026-03-18 11:52:00",1077,13.46,-0.176,-0.051,55.57,53.53,4.515,5.847,7.413,8.43,42.48,1001.249,34.44,42.14,300.3,281,-0.329,-1.99
"2026-03-18 11:53:00",1078,13.46,-0.213,-0.035,50.91,49.24,7.461,8.57,9.63,10.58,42.74,1001.175,34.03,42.02,301.3,282,-0.369,-1.958
"2026-03-18 11:54:00",1079,13.46,0.042,0.156,51.71,51.49,5.846,6.869,7.053,8.23,55.34,1001.221,34.95,43.06,302,280.8,-0.266,-1.831
"2026-03-18 11:55:00",1080,13.45,0.098,0.172,53.19,53.22,5.64,6.84,7.053,8.23,49.73,1001.25,35.4,43.45,301.8,278.5,-0.249,-1.797
"2026-03-18 11:56:00",1081,13.46,0.054,0.187,51.11,49.6,5.742,6.891,7.413,8.53,53.58,1001.254,36.25,44.82,301.8,277.6,-0.276,-1.803
"2026-03-18 11:57:00",1082,13.46,0.238,0.381,49.54,48.16,5.363,6.258,7.568,8.43,65.05,1001.227,37.91,47.21,302.4,275.8,-0.144,-1.679
"2026-03-18 11:58:00",1083,13.46,0.456,0.574,51.23,49.75,4.3,5.079,5.766,7.154,65.4,1001.238,39.35,48.84,302.2,273.4,-0.06,-1.581
"2026-03-18 11:59:00",1084,13.46,0.486,0.607,51.21,49.96,3.017,3.999,3.81,5.096,57.8,1001.183,39.45,48.85,301.6,269.7,-0.031,-1.636
"2026-03-18 12:00:00",1085,13.46,0.426,0.586,50.53,50.75,4.537,5.515,6.435,6.958,70.44,1001.159,39.99,49.6,301.1,265.2,-0.035,-1.705
"2026-03-18 12:01:00",1086,13.46,0.456,0.579,48.92,48.6,3.574,4.367,5.714,6.468,60.37,1001.129,39.98,49.64,300.7,262.8,-0.037,-1.71
"2026-03-18 12:02:00",1087,13.46,0.509,0.592,49.9,50.18,2.777,3.589,3.398,4.41,81,1001.124,39.22,48.44,300.2,259.5,0.008,-1.676
"2026-03-18 12:03:00",1088,13.46,0.515,0.585,50.37,50.28,3.2,4.424,3.912,5.096,76.1,1001.082,39.61,48.79,299.3,253.8,-0.014,-1.721
"2026-03-18 12:04:00",1089,13.46,0.408,0.544,51.67,49.9,2.836,3.928,3.861,4.704,64.76,1001.036,42.12,51.98,298.5,252.5,-0.076,-1.828
"2026-03-18 12:05:00",1090,13.46,0.251,0.477,52.11,51.02,3.005,3.788,4.221,4.802,63.82,1001.059,46.97,58.69,297.9,256.9,-0.195,-1.927
"2026-03-18 12:06:00",1091,13.46,0.2,0.451,51.85,50.26,2.033,2.606,2.986,3.43,61.13,1001.053,52.74,66.83,298.5,263.5,-0.187,-1.974
"2026-03-18 12:07:00",1092,13.46,0.17,0.384,50.71,49.44,2.191,3.265,3.295,4.802,40.31,1001.036,59.01,75.85,298.4,266.8,-0.187,-2.019
"2026-03-18 12:08:00",1093,13.46,0.145,0.399,49.7,48.12,3.189,4.322,4.427,5.586,60.4,1000.99,63.02,82,299.3,265.6,-0.153,-1.974
"2026-03-18 12:09:00",1094,13.46,0.348,0.559,48.17,47.43,2.953,3.631,5.457,5.39,67.57,1000.951,63.14,82.3,300.2,262.9,-0.034,-1.836
"2026-03-18 12:10:00",1095,13.46,0.597,0.698,47.15,47.01,2.177,2.607,3.861,4.312,45.66,1000.903,63.23,82.1,300.2,259.4,0.11,-1.689
"2026-03-18 12:11:00",1096,13.46,0.747,0.77,48.69,49.57,1.318,2.283,2.059,3.332,42.65,1000.897,61.44,79.55,298.6,251.2,0.165,-1.661
"2026-03-18 12:12:00",1097,13.46,0.652,0.655,48.17,47.75,1.765,2.572,2.677,3.626,73.85,1000.852,59.83,76.88,296.9,247.7,0.091,-1.786
"2026-03-18 12:13:00",1098,13.46,0.5,0.601,49.04,49.19,2.853,3.771,4.53,5.39,57.55,1000.854,61.02,78.75,297,248.7,0.057,-1.931
"2026-03-18 12:14:00",1099,13.46,0.387,0.51,48.88,49.02,3.378,4.054,5.354,6.272,63.61,1000.847,62.58,81.5,297.9,247.4,0.012,-1.972
"2026-03-18 12:15:00",1100,13.46,0.381,0.508,47.55,46.84,2.951,3.696,5.457,5.39,70.12,1000.826,62.32,81.1,297.3,246.3,0.009,-1.968
"2026-03-18 12:16:00",1101,13.46,0.503,0.647,48.14,46.94,2.657,3.387,3.243,4.018,54.75,1000.849,62.41,80.7,297.3,245.6,0.05,-1.963
"2026-03-18 12:17:00",1102,13.46,0.6,0.74,47.09,46.85,2.51,3.298,3.552,4.116,48.45,1000.855,60.16,77.45,296.8,245.3,0.027,-1.906
"2026-03-18 12:18:00",1103,13.46,0.621,0.741,47.67,47.88,2.404,3.41,3.758,4.9,47.47,1000.842,58.44,74.85,296.4,246.6,0.012,-1.951
"2026-03-18 12:19:00",1104,13.46,0.445,0.553,49.88,49.05,4.385,5.78,6.023,7.35,22.66,1000.772,58.55,75.09,296.5,247.5,-0.075,-2.046
"2026-03-18 12:20:00",1105,13.46,0.26,0.464,48.48,47.22,4.02,5.164,5.457,6.468,53.62,1000.76,58.61,75.91,297.6,248.4,-0.143,-2.091
"2026-03-18 12:21:00",1106,13.46,0.297,0.478,47.9,46.84,4.022,5.291,5.508,7.154,43.14,1000.757,61.37,79.79,297.7,249.1,-0.157,-2.057
"2026-03-18 12:22:00",1107,13.46,0.307,0.508,48.55,47.87,3.56,4.586,4.582,5.684,56.32,1000.732,61.18,79.62,298.2,249.5,-0.144,-2.009
"2026-03-18 12:23:00",1108,13.46,0.329,0.505,49.49,48.68,3.705,4.755,4.736,5.88,53.02,1000.733,59.75,77.4,297.8,249.2,-0.158,-2.019
"2026-03-18 12:24:00",1109,13.46,0.279,0.454,47.75,47.07,2.733,3.593,3.81,4.508,82.9,1000.699,58.33,75.5,297.5,250.2,-0.187,-2.053
"2026-03-18 12:25:00",1110,13.46,0.347,0.478,49.67,48.19,2.251,3.248,2.934,3.822,60.16,1000.684,55.54,71.32,296.9,247.5,-0.168,-1.979
"2026-03-18 12:26:00",1111,13.46,0.284,0.453,49.13,48.1,2.806,3.872,3.655,4.704,51.43,1000.655,52.09,66.17,296.5,245.3,-0.19,-2.08
"2026-03-18 12:27:00",1112,13.46,0.218,0.43,49.1,48.47,3.443,4.319,4.376,5.194,63.79,1000.636,52.87,67.18,296.7,248.4,-0.205,-2.13
"2026-03-18 12:28:00",1113,13.46,0.246,0.437,48.91,49.22,3.169,4.071,4.015,4.9,49.02,1000.633,54.94,70.08,297.2,252.6,-0.2,-2.091
"2026-03-18 12:29:00",1114,13.46,0.23,0.378,49.27,48.44,3.043,4.232,4.427,5.782,45.63,1000.63,57.11,72.94,297.2,257.9,-0.224,-2.115
"2026-03-18 12:30:00",1115,13.46,0.165,0.331,53.33,53.98,4.342,5.401,5.56,6.37,69.59,1000.614,61.13,78.8,298.4,263.4,-0.25,-2.106
"2026-03-18 12:31:00",1116,13.46,0.025,0.23,50.82,48.74,4.075,5.107,5.251,6.174,84.8,1000.576,63.44,82.7,299.2,266.2,-0.268,-2.083
"2026-03-18 12:32:00",1117,13.46,0.036,0.28,51.43,50.93,3.379,4.248,5.405,6.174,52.15,1000.574,64.22,83.8,299.7,268.7,-0.231,-2.072
"2026-03-18 12:33:00",1118,13.46,0.009,0.193,50.63,49.8,2.606,3.306,3.346,4.9,86.4,1000.598,66.56,86.7,299.7,272.4,-0.224,-2.03
"2026-03-18 12:34:00",1119,13.46,0.046,0.211,48.33,47.43,2.38,3.338,3.192,4.312,65.62,1000.579,66.58,86.9,300,273.2,-0.143,-1.992
"2026-03-18 12:35:00",1120,13.46,0.262,0.368,50.61,50.49,1.888,2.661,2.934,3.43,81.9,1000.523,65.96,86.5,299.8,269,-0.043,-1.881
"2026-03-18 12:36:00",1121,13.46,0.323,0.417,47.87,47.19,2.506,3.239,3.604,4.41,64.74,1000.46,62.82,82.1,299.3,265.4,-0.018,-1.878
"2026-03-18 12:37:00",1122,13.46,0.377,0.475,49.01,47.92,2.856,3.721,4.427,4.802,82.2,1000.448,62.76,81.6,299.4,263.9,0.001,-1.789
"2026-03-18 12:38:00",1123,13.46,0.371,0.502,47.34,46.24,4.739,5.431,7.825,8.23,99.8,1000.414,61.09,79.36,300.1,262.9,0.065,-1.843
"2026-03-18 12:39:00",1124,13.46,0.532,0.625,47.88,48.86,3.721,4.355,5.92,6.664,98.3,1000.404,65.2,84.7,300.8,265.5,0.189,-1.741
"2026-03-18 12:40:00",1125,13.46,0.638,0.684,48.57,48.27,4.426,5.358,6.435,6.86,91.1,1000.405,68.94,90.1,301,266.9,0.231,-1.627
"2026-03-18 12:41:00",1126,13.46,0.631,0.69,46.94,47.13,2.933,3.822,5.92,6.566,84.1,1000.409,70.06,92.1,301.1,266.7,0.279,-1.608
"2026-03-18 12:42:00",1127,13.46,0.665,0.711,46.91,47.6,1.892,2.477,2.523,3.332,48.9,1000.364,71.94,94.9,300.5,266.1,0.333,-1.634
"2026-03-18 12:43:00",1128,13.46,0.629,0.642,47.44,48.44,1.689,2.539,2.368,3.528,53.03,1000.391,70.67,93.5,299.7,263,0.313,-1.669
"2026-03-18 12:44:00",1129,13.46,0.515,0.525,48.64,48.23,1.936,3.076,3.604,4.508,39.83,1000.388,65.55,86.5,298.6,259.1,0.251,-1.737
"2026-03-18 12:45:00",1130,13.46,0.344,0.406,48.37,48.86,2.56,3.387,3.758,4.704,28.34,1000.358,65.86,87.1,298.8,260,0.192,-1.801
"2026-03-18 12:46:00",1131,13.46,0.365,0.417,46.23,46.31,2.25,2.97,3.14,4.312,48.97,1000.347,69.77,92.4,299,265,0.207,-1.773
"2026-03-18 12:47:00",1132,13.46,0.451,0.472,45.61,45.9,2.517,3.531,4.891,5.782,53.76,1000.337,74.39,99,299.7,270.3,0.244,-1.683
"2026-03-18 12:48:00",1133,13.46,0.51,0.499,47.64,47.77,3.439,4.58,7.979,8.72,39.98,1000.285,74.67,99.7,300.1,270.4,0.259,-1.589
"2026-03-18 12:49:00",1134,13.46,0.417,0.459,49.31,49.6,5.789,6.929,7.516,8.33,59.74,1000.241,71.56,95.4,300.9,271.3,0.199,-1.594
"2026-03-18 12:50:00",1135,13.46,0.295,0.4,50.8,50.78,5.242,6.303,6.281,7.252,77.63,1000.283,67.59,90.1,301.4,273.2,0.139,-1.638
"2026-03-18 12:51:00",1136,13.46,0.189,0.337,52.65,51.35,3.442,4.545,4.788,5.39,78.41,1000.292,65.44,86.7,301.4,275.4,0.097,-1.658
"2026-03-18 12:52:00",1137,13.46,0.116,0.349,47.75,46.37,3.848,4.551,6.075,6.664,88.7,1000.286,64.13,84.9,301.8,278.6,0.106,-1.708
"2026-03-18 12:53:00",1138,13.46,0.31,0.484,46.76,45.71,3.31,4.032,4.788,5.39,115.7,1000.248,65.43,86,302.5,282.5,0.244,-1.613
"2026-03-18 12:54:00",1139,13.46,0.483,0.586,47.26,45.69,3.511,4.25,4.736,5.096,77.33,1000.301,64.38,84.3,302.8,284.9,0.322,-1.503
"2026-03-18 12:55:00",1140,13.46,0.553,0.621,47.21,46.21,2.756,3.798,5.045,5.782,92.4,1000.319,62.84,81.9,302.6,287.1,0.345,-1.468
"2026-03-18 12:56:00",1141,13.46,0.544,0.625,45.83,45.55,4.517,5.065,6.435,6.958,86.4,1000.275,58.82,76.64,303,288.5,0.356,-1.455
"2026-03-18 12:57:00",1142,13.46,0.619,0.662,45.96,45.03,1.956,2.681,2.934,3.43,81.7,1000.32,56.73,73.59,303,288.3,0.426,-1.441
"2026-03-18 12:58:00",1143,13.46,0.648,0.681,46.53,47.41,1.532,2.171,2.728,2.94,33.87,1000.324,54.95,71.01,302.8,288.4,0.453,-1.449
"2026-03-18 12:59:00",1144,13.46,0.629,0.628,46.05,45.86,2.062,3.049,4.17,4.704,46.12,1000.289,52.46,67.25,302.6,289.2,0.459,-1.397
"2026-03-18 13:00:00",1145,13.46,0.526,0.543,47.01,45.71,3.699,4.655,4.479,5.39,39.74,1000.287,50.77,64.87,302.5,289.6,0.4,-1.414
"2026-03-18 13:01:00",1146,13.46,0.455,0.487,50.05,50.21,3.204,4.111,3.964,4.802,64.4,1000.354,50.11,64.19,302.5,289.9,0.359,-1.475
"2026-03-18 13:02:00",1147,13.46,0.282,0.349,50.7,47.11,3.195,4.376,4.118,5.194,68.37,1000.352,49.33,63.21,302.4,289.9,0.274,-1.563
"2026-03-18 13:03:00",1148,13.46,0.114,0.263,49.54,48.02,3.08,4.17,4.53,5.096,65.78,1000.314,47.05,60.41,302.3,289.6,0.197,-1.597
"2026-03-18 13:04:00",1149,13.46,0.082,0.228,49.94,49.74,2.481,3.237,3.861,4.802,76.76,1000.257,44.62,57.32,302.1,287.9,0.168,-1.598
"2026-03-18 13:05:00",1150,13.46,0.112,0.223,48.38,46.48,1.885,2.639,2.728,3.038,79.39,1000.228,43.68,55.97,301.8,286.9,0.153,-1.656
"2026-03-18 13:06:00",1151,13.46,0.15,0.27,48.36,48.53,2.055,2.745,3.501,3.822,95.5,1000.217,43.53,55.75,301.7,287.9,0.125,-1.741
"2026-03-18 13:07:00",1152,13.46,0.206,0.296,47.67,46.37,1.682,2.517,3.192,3.234,72.23,1000.19,43.07,54.97,301.9,288.1,0.143,-1.719
"2026-03-18 13:08:00",1153,13.46,0.264,0.341,48.89,49,1.769,2.582,2.42,3.626,101,1000.165,41.55,52.86,301.7,287,0.143,-1.685
"2026-03-18 13:09:00",1154,13.46,0.287,0.369,46.61,45.8,3.974,4.793,6.692,8.43,100.3,1000.138,38.91,49.21,301.9,287.6,0.159,-1.678
"2026-03-18 13:10:00",1155,13.46,0.406,0.453,46.16,45.39,5.476,6.281,8.39,8.92,58.47,1000.11,37.11,46.6,302.7,288.5,0.209,-1.6
"2026-03-18 13:11:00",1156,13.46,0.49,0.519,47.36,46.26,3.752,4.634,4.788,5.586,77.11,1000.142,35.56,44.32,302.9,290.1,0.264,-1.533
"2026-03-18 13:12:00",1157,13.46,0.454,0.501,49.66,49.51,3.717,4.768,4.582,5.586,92.5,1000.11,33.45,41.4,302.7,290.5,0.219,-1.555
"2026-03-18 13:13:00",1158,13.46,0.333,0.414,46.04,45.46,5.511,6.23,11.99,12.05,94.2,1000.051,31.67,39.33,302.8,289.9,0.198,-1.625
"2026-03-18 13:14:00",1159,13.46,0.419,0.473,47.37,47.05,3.657,4.623,5.56,7.448,74.4,1000.086,33.07,41.16,302.9,288.2,0.255,-1.552
"2026-03-18 13:15:00",1160,13.46,0.453,0.47,47.06,46.34,4.748,5.896,6.229,7.056,75.93,1000.079,35.23,44.16,302.6,286.8,0.227,-1.533
"2026-03-18 13:16:00",1161,13.46,0.388,0.437,50.02,50.64,5.078,6.188,6.384,7.644,69.86,1000.099,34.58,43.47,302.6,287.4,0.171,-1.549
"2026-03-18 13:17:00",1162,13.46,0.285,0.367,47.16,46.41,5.279,6.418,7.465,7.938,83.1,1000.095,31.76,39.68,302.7,288,0.119,-1.61
"2026-03-18 13:18:00",1163,13.46,0.272,0.374,48.81,48.85,4.202,5.357,5.199,6.37,94.7,1000.105,30.19,37.37,302.7,287.4,0.128,-1.642
"2026-03-18 13:19:00",1164,13.46,0.287,0.357,48.65,48.06,4.126,4.916,5.663,6.076,87.9,1000.073,29.01,35.82,302.5,285.2,0.121,-1.65
"2026-03-18 13:20:00",1165,13.46,0.259,0.324,46.95,46.67,5.036,5.932,7.773,8.82,66.63,1000.086,29.04,35.79,302.4,284.4,0.104,-1.647
"2026-03-18 13:21:00",1166,13.46,0.315,0.375,45.34,45.36,2.607,3.265,4.891,5.39,104.8,1000.104,29.61,36.72,302.3,285.5,0.123,-1.636
"2026-03-18 13:22:00",1167,13.46,0.419,0.437,46.59,47.44,2.241,3.145,3.089,4.312,50.99,1000.086,30.44,37.61,302.1,286.2,0.168,-1.597
"2026-03-18 13:23:00",1168,13.46,0.393,0.376,47.77,46.31,2.018,3.062,3.14,3.92,38.87,1000.106,29.84,36.78,301.7,287.3,0.124,-1.611
"2026-03-18 13:24:00",1169,13.46,0.262,0.296,49.85,48.61,2.13,3.158,2.625,3.822,46.74,1000.104,28.17,34.59,301.3,288.3,0.041,-1.723
"2026-03-18 13:25:00",1170,13.46,0.076,0.188,49.27,49.71,3.254,4.369,4.53,5.684,82,1000.09,27.06,33.44,301.3,287.8,-0.065,-1.834
"2026-03-18 13:26:00",1171,13.46,0.025,0.163,48.79,48.96,2.087,2.875,6.229,5.782,72.71,1000.075,26.76,33.12,301.5,286.4,-0.048,-1.768
"2026-03-18 13:27:00",1172,13.45,0.102,0.204,46.97,46.89,4.78,5.481,6.641,7.056,100.8,1000.006,26.93,33.26,301.8,284.7,-0.016,-1.73
"2026-03-18 13:28:00",1173,13.46,0.226,0.262,47.58,48.15,4.891,5.723,7.156,7.546,89,999.9586,27.21,33.48,302,284.1,0.027,-1.672
"2026-03-18 13:29:00",1174,13.46,0.227,0.222,46.94,47.05,3.855,4.735,5.354,6.076,52.34,999.9716,27.08,33.2,301.8,282.2,0.008,-1.631
"2026-03-18 13:30:00",1175,13.46,0.149,0.165,46.95,46.47,2.138,3.139,3.604,3.92,32.85,999.9431,26.62,32.72,301.1,281.2,-0.062,-1.68
"2026-03-18 13:31:00",1176,13.46,0.08,0.132,48.24,47.23,2.422,3.485,3.655,4.606,45.88,999.9509,26.95,33.07,300.8,283,-0.08,-1.788
"2026-03-18 13:32:00",1177,13.46,0.028,0.113,48.24,47.74,3.858,5.101,5.199,6.664,79.54,999.9409,27.74,34.16,300.9,285.2,-0.149,-1.872
"2026-03-18 13:33:00",1178,13.46,0.003,0.1,48.49,48.87,4.663,5.82,5.92,7.154,59.59,999.912,28.05,34.68,301.5,285.5,-0.154,-1.828
"2026-03-18 13:34:00",1179,13.46,0.012,0.1,49.12,48,4.677,6.024,5.869,7.644,68.62,999.9008,28.14,34.81,301.6,286.5,-0.184,-1.795
"2026-03-18 13:35:00",1180,13.46,0.008,0.113,49.4,47.21,4.092,4.962,5.663,6.37,74.77,999.8902,28.4,35.14,301.6,286.8,-0.228,-1.755
"2026-03-18 13:36:00",1181,13.46,0.006,0.122,49.45,48.03,3.606,4.614,4.891,5.782,87.8,999.8602,28.43,35.32,301.4,286.3,-0.273,-1.774
"2026-03-18 13:37:00",1182,13.46,0.015,0.143,48.31,47.05,3.023,3.95,4.015,4.606,95,999.8406,28.41,35.32,301.4,285.8,-0.257,-1.85
"2026-03-18 13:38:00",1183,13.46,0.027,0.126,47.37,46.33,3.276,4.173,4.53,5.194,103.2,999.81,28.72,35.7,301.4,285.9,-0.247,-1.836
"2026-03-18 13:39:00",1184,13.46,0.114,0.185,45.94,45.66,2.358,3.078,3.758,4.018,79.11,999.8204,29.04,36.04,301.6,286.3,-0.201,-1.759
"2026-03-18 13:40:00",1185,13.46,0.225,0.252,48.86,47.96,1.88,2.872,2.574,3.724,27.48,999.8441,29.5,36.5,301.2,286.2,-0.171,-1.706
"2026-03-18 13:41:00",1186,13.46,0.13,0.165,48.14,47.04,2.483,3.688,3.192,4.41,26.17,999.8632,28.41,34.96,300.7,285.9,-0.249,-1.804
"2026-03-18 13:42:00",1187,13.46,-0.062,0.028,49.32,49.95,2.571,3.756,5.766,6.272,23.11,999.8513,27.74,34.28,300.3,285.1,-0.337,-1.916
"2026-03-18 13:43:00",1188,13.46,-0.243,-0.122,48.35,47,4.485,5.695,5.714,6.664,41.71,999.7796,28.31,35.09,300.2,284.6,-0.421,-1.986
"2026-03-18 13:44:00",1189,13.46,-0.285,-0.158,49.2,49.67,3.3,4.307,4.17,5.39,34.09,999.774,28.47,35.47,300.5,285.2,-0.443,-1.998
"2026-03-18 13:45:00",1190,13.46,-0.282,-0.182,49.15,47.91,2.405,3.523,3.861,4.508,17.22,999.7648,28.74,35.81,300.3,285.9,-0.482,-1.999
"2026-03-18 13:46:00",1191,13.46,-0.249,-0.149,49.62,49.09,2.956,4.14,3.758,5.39,23.74,999.7699,28.19,35.05,300.4,286.6,-0.49,-1.97
"2026-03-18 13:47:00",1192,13.46,-0.301,-0.191,51.16,50.45,2.924,4.278,3.398,5.488,51.69,999.7494,28.07,34.8,300.1,285.9,-0.539,-1.982
"2026-03-18 13:48:00",1193,13.46,-0.449,-0.298,49.23,47.38,4.537,5.592,6.589,7.84,75.31,999.7332,27.45,34.15,300.1,285.3,-0.619,-2.056
"2026-03-18 13:49:00",1194,13.46,-0.406,-0.249,49.91,48.91,3.879,5.003,5.148,6.174,26.09,999.7662,27.39,33.92,300.6,285,-0.583,-1.968
"2026-03-18 13:50:00",1195,13.46,-0.345,-0.223,47.4,46.44,3.613,4.643,4.53,5.88,35.43,999.7767,28.11,34.73,300.5,285.1,-0.589,-1.96
"2026-03-18 13:51:00",1196,13.46,-0.26,-0.137,49.97,50.52,2.536,3.617,3.449,4.704,58.3,999.7844,29.39,36.33,300.5,284.8,-0.563,-1.953
"2026-03-18 13:52:00",1197,13.46,-0.298,-0.208,51.84,49.93,2.39,3.437,2.986,3.822,51.92,999.7723,30.39,37.74,300.3,284.2,-0.592,-2.02
"2026-03-18 13:53:00",1198,13.46,-0.478,-0.318,51.59,50.5,1.542,2.702,2.677,3.724,32.26,999.7507,30.77,38.31,299.9,284.8,-0.645,-2.125
"2026-03-18 13:54:00",1199,13.46,-0.544,-0.37,49.76,48.62,1.795,2.871,2.78,3.724,52.3,999.7141,31.13,38.89,299.3,284.8,-0.696,-2.169
"2026-03-18 13:55:00",1200,13.46,-0.552,-0.398,51.93,50.72,2.501,3.652,3.912,5.194,31.28,999.6769,31.94,40.11,299.4,284.1,-0.724,-2.16
"2026-03-18 13:56:00",1201,13.46,-0.575,-0.438,50.8,49.7,2.903,3.954,3.81,4.9,78.47,999.6436,31.93,40.13,299.6,284.3,-0.74,-2.142
"2026-03-18 13:57:00",1202,13.46,-0.518,-0.399,51.66,50.24,3.518,4.673,5.766,6.566,17.7,999.625,31.49,39.25,300,285,-0.72,-2.107
"2026-03-18 13:58:00",1203,13.46,-0.431,-0.348,46.6,46.34,3.821,4.751,5.92,7.056,4.115,999.6046,31.66,39.44,300.5,285.4,-0.685,-1.982
"2026-03-18 13:59:00",1204,13.46,-0.229,-0.212,45.96,45.72,3.081,4.145,4.633,5.586,7.266,999.6051,33.43,41.83,300.7,286.2,-0.603,-1.826
"2026-03-18 14:00:00",1205,13.46,-0.099,-0.117,46.89,47.01,2.528,3.464,3.14,4.116,21.07,999.5798,34.95,44.03,300.6,286.1,-0.558,-1.784
"2026-03-18 14:01:00",1206,13.46,-0.1,-0.134,48.11,46.77,1.403,2.288,1.956,2.94,32.54,999.5528,35.8,45.27,299.9,284.4,-0.587,-1.885
"2026-03-18 14:02:00",1207,13.46,-0.185,-0.158,48.73,48.75,1.531,2.603,2.368,3.724,34.3,999.5214,35.87,45.69,299.4,283,-0.628,-2.027
"2026-03-18 14:03:00",1208,13.46,-0.274,-0.217,48.83,47.4,2.411,3.491,3.037,4.41,32.26,999.4797,36.36,46.22,299.4,283.5,-0.649,-2.075
"2026-03-18 14:04:00",1209,13.46,-0.332,-0.243,49.68,49.14,2.495,3.638,3.501,5.39,50.33,999.4335,36,45.57,299.6,285.2,-0.675,-2.086
"2026-03-18 14:05:00",1210,13.46,-0.387,-0.279,48.76,48.23,3.508,4.667,4.53,5.88,40.52,999.3911,35.78,45.16,299.8,285.1,-0.695,-2.113
"2026-03-18 14:06:00",1211,13.46,-0.388,-0.305,50.37,50.09,3.099,4.21,4.633,5.488,48.83,999.383,36.34,45.78,299.8,285.3,-0.71,-2.074
"2026-03-18 14:07:00",1212,13.46,-0.48,-0.402,51.56,51.91,2.233,3.232,2.677,3.822,49.02,999.3682,36.72,46.33,299.5,285.3,-0.758,-2.132
"2026-03-18 14:08:00",1213,13.46,-0.645,-0.553,53.55,52.83,2.205,3.205,2.677,3.724,54.4,999.3552,36.73,46.3,299.3,284.9,-0.83,-2.222
"2026-03-18 14:09:00",1214,13.46,-0.851,-0.709,53.42,50.28,2.158,3.478,3.655,4.998,32.69,999.3386,36.42,46.03,299,285.6,-0.922,-2.313
"2026-03-18 14:10:00",1215,13.46,-0.886,-0.686,49.42,48.22,2.736,3.635,4.839,5.782,56.77,999.2838,35.89,45.43,299.6,286.5,-0.907,-2.244
"2026-03-18 14:11:00",1216,13.46,-0.682,-0.568,51.81,52.73,2.583,3.567,4.015,5.194,43.62,999.2724,37.04,46.65,299.9,286.8,-0.836,-2.063
"2026-03-18 14:12:00",1217,13.46,-0.69,-0.661,54,52.87,3.951,5.473,5.508,6.86,32.72,999.227,38.8,48.93,299.8,286.8,-0.861,-2.05
"2026-03-18 14:13:00",1218,13.46,-0.865,-0.753,53.65,52.3,4.437,5.89,5.457,6.86,28,999.1536,39.67,50.48,299.9,287.3,-0.941,-2.152
"2026-03-18 14:14:00",1219,13.46,-0.96,-0.81,54.72,54.13,3.687,5.175,4.891,6.174,25.26,999.1282,40.35,51.5,299.8,287.1,-0.983,-2.212
"2026-03-18 14:15:00",1220,13.46,-0.937,-0.761,51.64,49.22,3.626,4.912,4.479,6.174,26.33,999.0764,39.95,51.16,300.1,287.5,-0.979,-2.179
"2026-03-18 14:16:00",1221,13.46,-0.682,-0.564,47.99,47.15,3.259,4.379,4.582,5.39,19.3,999.038,40.02,51.19,300.4,287.4,-0.894,-2.019
"2026-03-18 14:17:00",1222,13.46,-0.488,-0.434,51.68,50.95,2.004,3.254,3.861,4.704,22.34,999.0175,40.83,51.85,300.2,286.7,-0.826,-1.946
"2026-03-18 14:18:00",1223,13.46,-0.591,-0.509,53.68,54.59,2.965,4.077,4.427,5.586,32.68,998.9767,40.26,51.27,299.8,286.1,-0.875,-2.073
"2026-03-18 14:19:00",1224,13.46,-0.807,-0.716,52.69,50.8,3.188,4.578,5.199,7.448,15.56,998.93,39.7,50.72,299.7,286.6,-0.94,-2.163
"2026-03-18 14:20:00",1225,13.46,-0.892,-0.746,51.81,50.91,4.213,5.607,5.56,7.056,32.4,998.8834,39.41,50.47,300.1,287.7,-0.932,-2.144
"2026-03-18 14:21:00",1226,13.46,-0.81,-0.673,50.55,49.24,3.277,4.473,4.582,5.586,36.26,998.8617,38.91,49.8,300.3,288,-0.904,-2.09
"2026-03-18 14:22:00",1227,13.46,-0.718,-0.627,49.39,47.62,3.131,4.362,3.912,4.998,23.01,998.8247,39.28,50.15,300.2,287.4,-0.889,-2.06
"2026-03-18 14:23:00",1228,13.46,-0.679,-0.587,51.61,51.4,3.183,4.348,4.221,5.488,23.57,998.7706,39.36,50.38,300.1,286.8,-0.883,-2.054
"2026-03-18 14:24:00",1229,13.46,-0.724,-0.645,53.56,53.38,2.378,3.567,4.067,5.39,24.47,998.7602,39.4,50.62,299.8,286.4,-0.899,-2.112
"2026-03-18 14:25:00",1230,13.46,-0.86,-0.757,52.05,49.57,3.154,4.521,4.067,5.684,30.57,998.7049,38.87,50.08,299.7,286.1,-0.952,-2.168
"2026-03-18 14:26:00",1231,13.46,-0.868,-0.736,51.55,50.02,4.365,5.466,5.663,7.252,51.89,998.5957,38.06,49.23,300,285.9,-0.958,-2.11
"2026-03-18 14:27:00",1232,13.46,-0.797,-0.702,50.3,48.54,5.582,7.34,8.19,10.88,0.077,998.5246,37.96,48.92,300.2,285.5,-0.952,-2.022
"2026-03-18 14:28:00",1233,13.46,-0.668,-0.546,50.64,50.01,6.029,7.316,9.32,10.68,28.23,998.5065,37.37,48.05,300.8,286,-0.886,-1.933
"2026-03-18 14:29:00",1234,13.46,-0.529,-0.413,46.98,45.26,5.036,6.509,6.384,7.938,25.8,998.4828,37.06,47.63,301,286.7,-0.833,-1.892
"2026-03-18 14:30:00",1235,13.46,-0.325,-0.24,48.44,46.18,3.992,5.282,4.891,6.174,43.2,998.5325,36.94,47.26,301.1,287,-0.734,-1.778
"2026-03-18 14:31:00",1236,13.46,-0.301,-0.222,48.78,48.26,3.489,4.64,4.273,5.292,27.49,998.5442,36.28,46.37,300.9,287.1,-0.714,-1.822
"2026-03-18 14:32:00",1237,13.46,-0.353,-0.282,48.27,46.75,2.39,3.496,3.398,4.508,0.183,998.4826,34.95,44.62,300.6,287.1,-0.714,-1.866
"2026-03-18 14:33:00",1238,13.46,-0.392,-0.33,49.01,48.08,3.116,4.309,4.53,5.978,0.231,998.421,33.66,42.91,300.3,287.5,-0.715,-1.838
"2026-03-18 14:34:00",1239,13.46,-0.473,-0.375,51.68,49.5,2.589,3.91,3.295,4.9,354.4,998.3959,32.21,41.07,300.1,287.4,-0.746,-1.86
"2026-03-18 14:35:00",1240,13.46,-0.569,-0.436,51,47.9,2.279,3.41,2.883,4.018,354.5,998.398,31,39.39,299.7,287.1,-0.783,-1.892
"2026-03-18 14:36:00",1241,13.46,-0.648,-0.453,48.65,46.65,1.873,2.944,3.037,4.214,10.21,998.439,29.33,37.24,299.5,286.9,-0.828,-1.978
"2026-03-18 14:37:00",1242,13.46,-0.59,-0.409,49.43,46.87,3.566,4.88,5.56,6.664,19.01,998.43,29.02,36.77,299.8,287,-0.809,-1.943
"2026-03-18 14:38:00",1243,13.46,-0.473,-0.337,48.25,47.76,3.573,4.875,4.479,5.88,14.14,998.4398,28.67,36.33,300.3,287.6,-0.766,-1.876
"2026-03-18 14:39:00",1244,13.46,-0.424,-0.32,49.76,50.08,3.512,4.937,4.427,5.488,1.786,998.4524,28.38,35.86,300.2,287.8,-0.756,-1.888
"2026-03-18 14:40:00",1245,13.46,-0.567,-0.45,53.22,51.84,2.751,4.145,3.501,4.9,354.5,998.4623,27.39,34.74,299.8,287.6,-0.824,-2.004
"2026-03-18 14:41:00",1246,13.45,-0.824,-0.626,52.96,51.03,2.537,3.881,3.964,5.782,8.66,998.4141,25.8,32.79,299.5,287.8,-0.879,-2.109
"2026-03-18 14:42:00",1247,13.45,-0.919,-0.687,53.74,52.04,1.643,2.977,2.883,4.116,2.637,998.329,25.04,31.7,299.3,287.8,-0.907,-2.095
"2026-03-18 14:43:00",1248,13.44,-0.968,-0.743,51.14,48.03,2.699,4.32,5.869,7.84,0.142,998.2208,24.32,30.68,299.3,288.1,-0.923,-2.054
"2026-03-18 14:44:00",1249,13.45,-0.758,-0.548,47.33,46.09,2.87,4.072,5.663,7.056,340.4,998.207,23.81,29.98,300.2,288.9,-0.863,-1.754
"2026-03-18 14:45:00",1250,13.45,-0.459,-0.342,45.87,44.85,2.672,3.964,3.346,5.096,0.225,998.2855,24,29.97,300.3,289.4,-0.791,-1.469
"2026-03-18 14:46:00",1251,13.45,-0.294,-0.234,48.55,48.47,2.893,4.189,4.273,5.488,23.21,998.2355,23.66,29.39,300.4,289.5,-0.742,-1.391
