"TOA5","1481","CR3000","1481","CR3000.Std.32.06","CPU:AWS_MaggieMay.CR3","1996","Res_data_1_min"
"TIMESTAMP","RECORD","BattV","temperature_1","temperature_2","rel_humidity_1","rel_humidity_2","wind_speed_1","wind_speed_2","gust_speed_1","gust_speed_2","wind_direction","air_pressure","SWup","SWdown","LWup","LWdown","CNR1_T_degC","ground_temperature"
"TS","RN","Volts","degC","degC","%","%","m/s","m/s","m/s","m/s","deg","hPa","W/m^2","W/m^2","W/m^2","W/m^2","degC","degC"
"","","Min","Avg","Avg","Smp","Smp","Avg","Avg","Max","Max","Smp","Avg","Avg","Avg","Avg","Avg","Avg","Avg"
"2026-03-17 17:56:00",2,0,-4.417,-4.397,77.61,79.01,0,0,0,0,27.62,604.5208,0.6,0.257,165.4,157.7,-4.614,-4.013
"2026-03-17 17:57:00",3,14.33,-7.409,-7.368,77.52,78.87,0,0,0,0,27.42,1012.89,0.968,0.254,277,264.2,-7.75,-6.718
"2026-03-17 17:58:00",4,14.33,-7.398,-7.355,77.45,78.74,0,0,0,0,27.46,1012.898,0.91,0.229,276.9,264.3,-7.753,-6.661
"2026-03-17 18:00:00",5,14.33,-7.365,-7.332,77.42,78.57,0,0,0,0,27.51,1012.923,0.913,0.222,276.7,264.7,-7.769,-6.525
"2026-03-17 18:01:00",6,14.33,-7.342,-7.322,77.4,78.6,0,0,0,0,27.52,1012.944,0.976,0.31,276.7,265.6,-7.771,-6.466
"2026-03-17 18:02:00",7,14.33,-7.313,-7.304,77.3,78.44,0,0,0,0,27.72,1012.95,0.757,0.231,276.7,266.2,-7.78,-6.494
"2026-03-17 18:03:00",8,14.33,-7.289,-7.279,77.18,78.32,0,0,0,0,27.76,1012.96,0.805,0.3,276.8,265.9,-7.773,-6.502
"2026-03-17 18:04:00",9,14.33,-7.27,-7.258,77.04,78.2,0,0,0,0,27.74,1012.947,0.81,0.379,276.9,265.7,-7.774,-6.46
"2026-03-17 18:05:00",10,14.33,-7.251,-7.235,77,78.06,0,0,0,0,27.74,1012.927,0.785,0.335,276.9,265.9,-7.771,-6.419
"2026-03-17 18:06:00",11,14.33,-7.23,-7.212,76.92,77.97,0,0,0,0,27.74,1012.921,0.819,0.359,276.8,266.4,-7.781,-6.359
"2026-03-17 18:07:00",12,14.33,-7.219,-7.191,76.75,77.85,0,0,0,0,27.74,1012.922,0.666,0.259,277,267.5,-7.793,-6.335
"2026-03-17 18:08:00",13,0,-6.64,-6.603,76.84,77.86,0,0,0,0,27.74,933.1819,0.596,0.166,255.4,247.3,-7.191,-5.816
"2026-03-17 18:09:00",14,14.32,-7.195,-7.151,76.87,77.83,0,0,0,0,27.73,1012.89,0.646,0.258,277.2,268.8,-7.803,-6.33
"2026-03-17 18:10:00",15,14.32,-7.169,-7.123,76.79,77.78,0,0,0,0,27.64,1012.868,0.636,0.307,277.3,269.1,-7.804,-6.369
"2026-03-17 18:11:00",16,14.33,-7.16,-7.087,76.67,77.68,0,0,0,0,27.41,1012.854,0.56,0.177,277.4,268.7,-7.795,-6.433
"2026-03-17 18:12:00",17,14.32,-7.121,-7.035,76.65,77.61,0,0,0,0,27.41,1012.85,0.728,0.469,277.5,268,-7.781,-6.304
"2026-03-17 18:13:00",18,14.32,-7.086,-6.995,76.45,77.25,0,0,0,0,27.44,1012.852,0.747,0.446,277.4,266.8,-7.79,-6.186
"2026-03-17 18:14:00",19,14.32,-7.069,-6.969,76.29,76.82,0,0,0,0,27.8,1012.862,0.547,0.187,277.4,265.8,-7.796,-6.128
"2026-03-17 18:15:00",20,14.32,-7.05,-6.95,76.2,76.57,0,0.002,0,0.098,28.36,1012.868,0.55,0.11,277.4,264.9,-7.79,-6.109
"2026-03-17 18:16:00",21,14.32,-7.029,-6.928,76.02,76.34,0,0.036,0,0.392,40.54,1012.877,0.698,0.153,277.5,264.4,-7.771,-6.288
"2026-03-17 18:17:00",22,14.32,-7.007,-6.919,75.9,76.18,0,0.049,0,0.392,40.61,1012.876,0.881,0.325,277.6,264.2,-7.758,-6.429
"2026-03-17 18:18:00",23,14.32,-6.988,-6.919,75.78,76.21,0,0,0,0,40.14,1012.881,0.915,0.34,277.3,264.2,-7.764,-6.48
"2026-03-17 18:19:00",24,14.32,-6.967,-6.908,75.74,76.1,0,0,0,0,40.11,1012.854,0.862,0.273,277,264,-7.768,-6.498
"2026-03-17 18:20:00",25,14.31,-6.936,-6.878,75.86,75.83,0,0,0,0,41.21,1012.86,0.906,0.277,276.8,263.6,-7.767,-6.513
"2026-03-17 18:21:00",26,14.32,-6.883,-6.835,75.76,75.44,0,0,0,0,41.61,1012.858,0.909,0.244,276.7,263.2,-7.76,-6.545
"2026-03-17 18:22:00",27,14.32,-6.837,-6.758,75.37,74.85,0,0.052,0,0.392,41.72,1012.875,0.996,0.307,276.9,262.8,-7.733,-6.602
"2026-03-17 18:23:00",28,14.31,-6.797,-6.665,74.89,74.33,0,0.035,0,0.392,41.72,1012.875,1.134,0.426,277,262.9,-7.717,-6.683
"2026-03-17 18:24:00",29,14.32,-6.789,-6.609,74.59,74.07,0,0.003,0,0.098,41.58,1012.875,1.044,0.374,276.9,262.9,-7.717,-6.755
"2026-03-17 18:25:00",30,14.32,-6.795,-6.597,74.32,74.1,0,0.362,0,0.588,41.47,1012.854,0.958,0.245,277,262.8,-7.707,-6.837
"2026-03-17 18:26:00",31,14.31,-6.811,-6.586,74.51,73.82,0,0.266,0,0.588,40.89,1012.833,0.9,0.192,277,262.9,-7.709,-6.962
"2026-03-17 18:27:00",32,14.31,-6.777,-6.545,74.43,73.5,0,0,0,0,40.81,1012.79,0.781,0.185,277.1,263.1,-7.703,-7.149
"2026-03-17 18:28:00",33,14.31,-6.725,-6.508,74.13,73.37,0,0,0,0,40.68,1012.771,0.737,0.254,277,263.4,-7.695,-7.295
"2026-03-17 18:29:00",34,14.31,-6.673,-6.471,73.91,73.08,0,0.311,0,1.274,334.7,1012.761,0.773,0.337,276.9,263.5,-7.698,-7.39
"2026-03-17 18:30:00",35,14.31,-6.622,-6.413,73.47,72.78,0,0.749,0,1.274,350.2,1012.752,0.394,0.005,277.2,263.9,-7.68,-7.406
"2026-03-17 18:31:00",36,14.31,-6.582,-6.337,73.23,72.24,0.095,0.919,0.721,1.372,333.1,1012.742,0.721,0.229,277.7,265.5,-7.625,-7.303
"2026-03-17 18:32:00",37,14.31,-6.523,-6.216,73.21,71.45,1.165,1.91,1.699,2.254,324.6,1012.726,0.81,0.378,278.3,267.2,-7.576,-7.223
"2026-03-17 18:33:00",38,14.31,-6.369,-6.078,72.5,70.74,1.176,1.739,1.647,2.156,321.1,1012.728,1.057,0.665,279.1,268.1,-7.482,-7.091
"2026-03-17 18:34:00",39,14.31,-6.261,-6.03,71.88,70.68,0.387,1.053,0.978,1.568,324.2,1012.761,1.34,1.014,279.4,269.1,-7.426,-7.029
"2026-03-17 18:35:00",40,14.31,-6.243,-6.026,71.51,70.54,0,0.03,0,0.392,333.6,1012.784,1.423,1.111,279.4,270.2,-7.426,-6.996
"2026-03-17 18:36:00",41,14.31,-6.301,-6.087,71.46,71.03,0.001,0.283,0.051,0.686,88.3,1012.794,1.073,0.714,279.5,270.8,-7.415,-6.991
"2026-03-17 18:37:00",42,14.31,-6.374,-6.192,71.7,71.7,0,0.326,0,0.588,80,1012.798,1.053,0.637,279.8,270.3,-7.386,-6.972
"2026-03-17 18:38:00",43,14.31,-6.427,-6.27,72.18,72.28,0,0.449,0,0.882,81.8,1012.804,1.038,0.617,279.9,270.1,-7.349,-6.96
"2026-03-17 18:39:00",44,14.31,-6.422,-6.276,72.74,72.74,0,0.307,0,0.588,85.4,1012.805,1.149,0.791,280,269.8,-7.316,-6.923
"2026-03-17 18:40:00",45,14.31,-6.371,-6.232,72.91,72.33,0,0.01,0,0.098,85.3,1012.783,1.149,0.728,279.9,269.4,-7.29,-6.88
"2026-03-17 18:41:00",46,14.31,-6.293,-6.182,72.72,72.42,0,0,0,0,85.4,1012.771,1.325,0.842,280.2,270.5,-7.238,-6.824
"2026-03-17 18:42:00",47,14.31,-6.223,-6.144,72.57,72.9,0,0,0,0,85.3,1012.748,1.489,1.144,280.4,273.1,-7.208,-6.821
"2026-03-17 18:43:00",48,14.31,-6.178,-6.116,72.49,72.77,0,0,0,0,85.3,1012.728,1.436,1.111,280.4,273.7,-7.176,-6.857
"2026-03-17 18:44:00",49,14.31,-6.143,-6.102,72.42,72.76,0,0,0,0,85.2,1012.734,1.212,0.977,280.5,274.1,-7.153,-6.84
"2026-03-17 18:45:00",50,14.31,-6.112,-6.091,72.23,72.84,0,0,0,0,29.84,1012.734,1.24,1.048,280.9,276.7,-7.11,-6.818
"2026-03-17 18:46:00",51,14.31,-6.085,-6.071,72.1,72.25,0,0.111,0,0.49,344.5,1012.73,1.154,1.054,281.4,278.5,-7.061,-6.805
"2026-03-17 18:47:00",52,14.31,-6.035,-6.013,71.6,71.73,0,0.41,0,0.686,344.7,1012.718,1.378,1.291,282.1,278.6,-7,-6.72
"2026-03-17 18:48:00",53,14.31,-6.01,-6.014,71.33,71.62,0,0.087,0,0.392,345.1,1012.718,1.384,1.365,282.2,279,-6.973,-6.671
"2026-03-17 18:49:00",54,14.31,-6.059,-6.048,71.24,71.49,0,0.297,0,0.588,17.31,1012.725,1.078,1.093,282.4,280.3,-6.977,-6.698
"2026-03-17 18:50:00",55,14.31,-6.149,-6.082,71.2,71.37,0.001,0.412,0.051,0.588,24.19,1012.729,0.685,0.676,282.5,280.7,-6.99,-6.721
"2026-03-17 18:51:00",56,14.31,-6.208,-6.088,71.39,71.29,0,0.444,0,0.588,42.33,1012.724,0.46,0.484,282.7,281,-6.995,-6.717
"2026-03-17 18:52:00",57,14.31,-6.215,-6.102,71.26,71.59,0,0.586,0,0.784,42.91,1012.731,0.278,0.287,283,281.6,-6.973,-6.699
"2026-03-17 18:53:00",58,14.31,-6.228,-6.134,71.33,71.64,0,0.484,0,0.686,43.5,1012.733,0.473,0.492,283.3,282.3,-6.934,-6.661
"2026-03-17 18:54:00",59,14.31,-6.235,-6.138,71.37,71.47,0,0.532,0,0.686,49.74,1012.715,0.579,0.689,283.5,282.8,-6.922,-6.616
"2026-03-17 18:55:00",60,14.31,-6.236,-6.113,71.43,71.33,0,0.46,0,0.882,49.75,1012.704,0.513,0.574,283.5,283.1,-6.925,-6.581
"2026-03-17 18:56:00",61,14.31,-6.241,-6.086,71.53,71.17,0,0.199,0,0.49,49.76,1012.693,0.273,0.365,283.7,283.4,-6.907,-6.567
"2026-03-17 18:57:00",62,14.31,-6.206,-6.063,71.33,71.28,0,0.151,0,0.49,49.67,1012.686,0.401,0.464,283.9,283.5,-6.872,-6.538
"2026-03-17 18:58:00",63,14.31,-6.159,-6.053,71.23,72.07,0,0.379,0,0.588,49.3,1012.672,0.574,0.67,284.1,283.5,-6.838,-6.525
"2026-03-17 18:59:00",64,14.31,-6.121,-6.047,71.41,72.54,0,0.58,0,0.882,44.98,1012.641,0.693,0.832,284.2,283.4,-6.803,-6.513
"2026-03-17 19:00:00",65,14.31,-6.119,-6.07,71.61,72.48,0,0.559,0,0.784,45.02,1012.631,0.7,0.772,284.4,283.4,-6.789,-6.499
"2026-03-17 19:01:00",66,14.31,-6.131,-6.083,71.66,71.83,0,0.507,0,0.686,45.02,1012.619,0.584,0.699,284.5,283.6,-6.762,-6.479
"2026-03-17 19:02:00",67,14.31,-6.132,-6.083,71.63,71.6,0,0.843,0,1.078,44.78,1012.618,0.585,0.833,284.6,283.7,-6.742,-6.447
"2026-03-17 19:03:00",68,14.31,-6.149,-6.096,71.97,71.82,0,1.231,0,1.47,25.3,1012.616,0.579,0.747,284.7,283.6,-6.732,-6.433
"2026-03-17 19:04:00",69,14.31,-6.196,-6.134,72.21,72.33,0,1.176,0,1.372,25.34,1012.611,0.551,0.574,284.8,283.7,-6.708,-6.429
"2026-03-17 19:05:00",70,14.31,-6.243,-6.186,72.55,72.52,0,0.989,0,1.176,25.48,1012.621,0.532,0.574,284.9,283.9,-6.692,-6.424
"2026-03-17 19:06:00",71,14.31,-6.287,-6.221,72.78,72.78,0,0.979,0,1.47,28.02,1012.621,0.355,0.508,284.9,284.2,-6.693,-6.421
"2026-03-17 19:07:00",72,14.31,-6.329,-6.249,73.25,73.05,0,1.305,0,1.568,32.8,1012.623,0.287,0.35,284.9,284.1,-6.695,-6.425
"2026-03-17 19:08:00",73,14.31,-6.366,-6.263,73.53,73.16,0,0.611,0,1.176,32.52,1012.622,0.263,0.326,285,284.3,-6.688,-6.414
"2026-03-17 19:09:00",74,14.31,-6.37,-6.223,73.85,73.32,0,0.469,0,0.686,20.63,1012.626,0.283,0.363,285.1,284.3,-6.672,-6.399
"2026-03-17 19:10:00",75,14.31,-6.351,-6.2,73.66,73.72,0,0.082,0,0.392,24.06,1012.629,0.306,0.383,285.1,284.1,-6.659,-6.375
"2026-03-17 19:11:00",76,14.31,-6.346,-6.23,73.76,74.15,0,0,0,0,24.08,1012.628,0.379,0.431,285.1,284.2,-6.653,-6.364
"2026-03-17 19:12:00",77,14.31,-6.355,-6.267,73.81,74.61,0,0,0,0,24.09,1012.626,0.335,0.398,285.2,284.2,-6.64,-6.357
"2026-03-17 19:13:00",78,14.31,-6.359,-6.312,74,74.77,0,0,0,0,28.52,1012.641,0.374,0.426,285.2,284.2,-6.639,-6.346
"2026-03-17 19:14:00",79,14.31,-6.366,-6.333,74.04,74.09,0,0,0,0,28.54,1012.656,0.311,0.388,285.2,284.3,-6.625,-6.329
"2026-03-17 19:15:00",80,14.31,-6.336,-6.282,73.66,73.36,0,0.105,0,0.882,28.58,1012.662,0.377,0.407,285.3,284.5,-6.597,-6.313
"2026-03-17 19:16:00",81,14.31,-6.251,-6.203,73.01,72.81,0,0,0,0,28.45,1012.648,0.527,0.564,285.4,284.8,-6.569,-6.294
"2026-03-17 19:17:00",82,14.31,-6.157,-6.137,72.62,72.66,0,0,0,0,28.16,1012.635,0.565,0.617,285.5,284.9,-6.553,-6.279
"2026-03-17 19:18:00",83,14.31,-6.092,-6.086,72.45,72.54,0,0,0,0,28.12,1012.609,0.574,0.689,285.7,285.3,-6.534,-6.266
"2026-03-17 19:19:00",84,14.31,-6.049,-6.034,72.23,72.31,0,0,0,0,28.08,1012.604,0.584,0.747,285.8,285.5,-6.517,-6.242
"2026-03-17 19:20:00",85,14.31,-6.004,-5.989,72.17,72.59,0,0.01,0,0.294,28.45,1012.605,0.626,0.803,285.9,285.3,-6.502,-6.216
"2026-03-17 19:21:00",86,14.31,-5.98,-5.983,72.3,72.49,0,0,0,0,28.46,1012.603,0.681,0.852,285.9,285.2,-6.483,-6.189
"2026-03-17 19:22:00",87,14.31,-5.988,-5.99,72.6,72.98,0,0,0,0,29.58,1012.607,0.574,0.623,285.8,285.1,-6.481,-6.182
"2026-03-17 19:23:00",88,14.31,-5.989,-5.972,73.43,74.51,0,0.718,0,0.98,74.31,1012.618,0.45,0.551,285.9,284.9,-6.462,-6.173
"2026-03-17 19:24:00",89,14.31,-5.978,-5.965,73.96,74.5,0,1.15,0,1.47,78.98,1012.643,0.474,0.545,286,284.8,-6.436,-6.16
"2026-03-17 19:25:00",90,14.31,-5.982,-5.957,73.91,73.82,0.074,1.277,1.39,1.47,86.2,1012.661,0.335,0.412,286.1,285,-6.396,-6.133
"2026-03-17 19:26:00",91,14.31,-5.917,-5.888,73.41,73.24,1.058,1.296,1.544,1.666,70.92,1012.663,0.449,0.516,286.3,285.1,-6.348,-6.095
"2026-03-17 19:27:00",92,14.31,-5.839,-5.819,72.8,72.82,1.109,1.511,1.338,1.764,57.11,1012.661,0.617,0.684,286.4,285.2,-6.294,-6.064
"2026-03-17 19:28:00",93,14.31,-5.787,-5.772,73.12,73.49,0.942,1.689,1.39,2.058,50.21,1012.664,0.847,0.876,286.5,285.2,-6.252,-6.056
"2026-03-17 19:29:00",94,14.31,-5.787,-5.774,73.18,72.98,1.211,1.893,1.596,2.156,49.76,1012.655,0.622,0.719,286.6,285.3,-6.225,-6.039
"2026-03-17 19:30:00",95,14.31,-5.788,-5.771,73.77,74.74,0.845,1.303,1.338,1.764,46.27,1012.643,0.58,0.618,286.7,285.4,-6.207,-6.018
"2026-03-17 19:31:00",96,14.31,-5.797,-5.792,73.31,73.52,0.461,0.943,0.978,1.372,45.8,1012.629,0.574,0.574,286.8,285.8,-6.18,-6.003
"2026-03-17 19:32:00",97,14.31,-5.809,-5.801,73.05,72.48,0,0.192,0,0.784,45.9,1012.618,0.574,0.574,286.8,286.1,-6.164,-5.997
"2026-03-17 19:33:00",98,14.31,-5.803,-5.786,72.93,72.72,0,0,0,0,45.85,1012.619,0.56,0.603,286.8,286.4,-6.153,-5.996
"2026-03-17 19:34:00",99,14.31,-5.79,-5.772,72.94,73.2,0,0,0,0,45.9,1012.612,0.531,0.579,286.8,286.3,-6.146,-5.989
"2026-03-17 19:35:00",100,14.31,-5.785,-5.769,73.02,73.17,0,0,0,0,45.96,1012.61,0.431,0.565,286.9,286.3,-6.142,-5.981
"2026-03-17 19:36:00",101,14.31,-5.78,-5.769,73.22,73.86,0,0,0,0,45.94,1012.613,0.459,0.569,286.9,286.3,-6.129,-5.979
"2026-03-17 19:37:00",102,14.31,-5.79,-5.784,73.11,73.72,0,0.247,0,0.882,45.73,1012.607,0.33,0.412,286.9,286.1,-6.129,-5.985
"2026-03-17 19:38:00",103,14.31,-5.853,-5.863,73.08,74.09,0.003,0.932,0.103,1.372,45.54,1012.609,0.283,0.297,286.8,285.9,-6.14,-6.006
"2026-03-17 19:39:00",104,14.31,-5.962,-5.991,73.21,74.13,0,1.379,0,1.568,45.4,1012.606,0.144,0.168,286.7,285.8,-6.157,-6.05
"2026-03-17 19:40:00",105,14.31,-6.079,-6.127,73.68,74.74,0,1.294,0,1.47,40.43,1012.617,-0.004,0.005,286.6,285.8,-6.179,-6.087
"2026-03-17 19:41:00",106,14.31,-6.178,-6.197,74.13,73.8,0,1.227,0,1.372,40.67,1012.635,-0.129,-0.043,286.5,286,-6.204,-6.112
"2026-03-17 19:42:00",107,14.31,-6.253,-6.192,74.59,74.75,0,1.036,0,1.274,41.51,1012.643,-0.206,-0.168,286.5,285.9,-6.216,-6.122
"2026-03-17 19:43:00",108,14.31,-6.306,-6.24,75.02,74.49,0,1.013,0,1.176,41.52,1012.649,-0.282,-0.253,286.4,285.8,-6.236,-6.119
"2026-03-17 19:44:00",109,14.31,-6.35,-6.292,75.31,74.83,0,0.741,0,0.98,41.54,1012.664,-0.254,-0.226,286.5,285.8,-6.246,-6.115
"2026-03-17 19:45:00",110,14.31,-6.369,-6.317,75.55,74.71,0,0.434,0,0.588,41.47,1012.665,-0.177,-0.14,286.4,285.8,-6.254,-6.104
"2026-03-17 19:46:00",111,14.31,-6.381,-6.31,75.71,74.24,0,0.572,0,0.686,41.43,1012.666,-0.139,-0.043,286.4,285.7,-6.258,-6.097
"2026-03-17 19:47:00",112,14.31,-6.378,-6.284,75.72,74.71,0,0.716,0,0.882,41.23,1012.669,-0.005,-0.01,286.5,285.4,-6.261,-6.099
"2026-03-17 19:48:00",113,14.31,-6.371,-6.275,75.79,75.38,0,0.644,0,0.882,41.3,1012.665,-0.014,0,286.4,285.2,-6.275,-6.108
"2026-03-17 19:49:00",114,14.31,-6.364,-6.301,75.8,74.96,0,0.388,0,0.49,41.18,1012.662,-0.01,-0.01,286.4,285.5,-6.282,-6.112
"2026-03-17 19:50:00",115,14.31,-6.359,-6.308,75.77,74.86,0,0.223,0,0.49,41.17,1012.648,-0.01,0,286.5,285.7,-6.284,-6.112
"2026-03-17 19:51:00",116,14.31,-6.347,-6.302,75.69,74.27,0,0.601,0,0.882,41.03,1012.631,0,0,286.5,285.7,-6.289,-6.109
"2026-03-17 19:52:00",117,14.31,-6.341,-6.274,75.68,74.08,0,1.028,0,1.274,40.7,1012.635,0,0,286.5,285.6,-6.296,-6.114
"2026-03-17 19:53:00",118,14.31,-6.335,-6.249,75.76,74.49,0,1.173,0,1.372,40.61,1012.625,0,0,286.5,285.5,-6.305,-6.117
"2026-03-17 19:54:00",119,14.31,-6.334,-6.248,75.81,74.54,0,1.139,0,1.274,40.87,1012.638,-0.014,-0.01,286.5,285.6,-6.31,-6.118
"2026-03-17 19:55:00",120,14.31,-6.328,-6.243,75.98,75.46,0,1.195,0,1.764,41.51,1012.666,-0.01,-0.005,286.5,285.5,-6.315,-6.116
"2026-03-17 19:56:00",121,14.31,-6.32,-6.243,76.3,75.8,0,1.591,0,1.96,49.1,1012.689,0,0,286.5,285.1,-6.314,-6.109
"2026-03-17 19:57:00",122,14.31,-6.303,-6.234,76.16,75.21,0.002,1.63,0.051,1.96,45.76,1012.686,0,0,286.5,285.1,-6.307,-6.097
"2026-03-17 19:58:00",123,14.31,-6.26,-6.209,75.8,75.04,0,1.408,0,1.666,45.4,1012.676,0.075,0.104,286.5,285.2,-6.289,-6.081
"2026-03-17 19:59:00",124,14.31,-6.21,-6.189,75.37,74.54,0.004,1.448,0.206,1.666,42.23,1012.664,0.263,0.282,286.6,285.2,-6.274,-6.071
"2026-03-17 20:00:00",125,14.31,-6.179,-6.179,75.02,74.15,0,1.369,0.051,1.666,41.91,1012.639,0.287,0.287,286.6,285,-6.264,-6.063
"2026-03-17 20:01:00",126,14.31,-6.162,-6.172,74.87,74.38,0,1.047,0,1.274,41.81,1012.622,0.287,0.287,286.5,284.9,-6.262,-6.063
"2026-03-17 20:02:00",127,14.31,-6.149,-6.166,74.92,74.55,0,0.72,0,1.078,40.84,1012.615,0.287,0.287,286.6,285,-6.258,-6.064
"2026-03-17 20:03:00",128,14.31,-6.144,-6.159,75.07,74.64,0,0.349,0,0.588,40.7,1012.605,0.287,0.263,286.5,284.7,-6.26,-6.065
"2026-03-17 20:04:00",129,14.31,-6.146,-6.155,74.98,74.21,0,0.2,0,0.49,40.66,1012.568,0.24,0.197,286.5,284.1,-6.264,-6.067
"2026-03-17 20:05:00",130,14.31,-6.148,-6.145,74.91,73.81,0,0.488,0,1.274,12.2,1012.552,0.201,0.159,286.4,283.8,-6.265,-6.072
"2026-03-17 20:06:00",131,14.31,-6.143,-6.122,74.56,73.8,0,1.338,0,1.568,13.63,1012.542,0.144,0.133,286.4,283.8,-6.261,-6.077
"2026-03-17 20:07:00",132,14.31,-6.129,-6.101,74.65,74.07,0,1.59,0,1.96,19.77,1012.54,0.134,0.144,286.4,283.5,-6.26,-6.082
"2026-03-17 20:08:00",133,13.52,-6.125,-6.103,74.88,74.38,0,1.957,0,2.156,28.56,1012.538,0.129,0.138,286.3,283.1,-6.262,-6.087
"2026-03-17 20:09:00",134,13.45,-6.135,-6.11,75.07,74.26,0.001,2.202,0.051,2.45,34.36,1012.546,0.125,0.063,286.3,283.3,-6.259,-6.095
"2026-03-17 20:10:00",135,13.46,-6.145,-6.113,75.19,74.53,0,1.83,0,2.156,27.42,1012.531,0.048,0.005,286.3,283.7,-6.262,-6.094
"2026-03-17 20:11:00",136,13.47,-6.146,-6.113,75.17,74.74,0.141,1.486,0.927,1.96,17.36,1012.501,0.057,0.014,286.3,283.7,-6.264,-6.091
"2026-03-17 20:12:00",137,13.46,-6.143,-6.116,75.04,74.61,0,1.309,0,1.568,7.994,1012.468,0.21,0.091,286.3,283.8,-6.259,-6.086
"2026-03-17 20:13:00",138,13.46,-6.132,-6.11,74.86,73.89,0,1.426,0,1.666,5.615,1012.463,0.268,0.171,286.4,284.3,-6.255,-6.08
"2026-03-17 20:14:00",139,13.46,-6.117,-6.085,74.58,73.4,0.185,1.727,0.875,1.862,4.988,1012.473,0.282,0.249,286.4,284.6,-6.244,-6.07
"2026-03-17 20:15:00",140,13.45,-6.097,-6.06,74.61,73.37,0.387,1.827,1.03,2.058,12.3,1012.473,0.287,0.287,286.4,284.5,-6.24,-6.06
"2026-03-17 20:16:00",141,13.48,-6.089,-6.057,74.19,73.1,0.574,1.909,1.338,2.156,14.53,1012.483,0.282,0.273,286.5,284.4,-6.237,-6.055
"2026-03-17 20:17:00",142,13.46,-6.074,-6.049,74.14,73.79,0.02,1.445,0.515,1.96,16.3,1012.494,0.287,0.287,286.5,284.3,-6.232,-6.054
"2026-03-17 20:18:00",143,13.46,-6.068,-6.06,74.16,74.14,0,1.391,0,1.666,13.25,1012.487,0.282,0.287,286.4,284.2,-6.23,-6.054
"2026-03-17 20:19:00",144,13.46,-6.072,-6.077,74.26,74.43,0.011,1.442,0.309,1.764,7.799,1012.472,0.287,0.287,286.5,284,-6.217,-6.059
"2026-03-17 20:20:00",145,13.46,-6.079,-6.094,74.35,74.11,0,1.456,0,1.862,4.089,1012.455,0.287,0.278,286.4,283.8,-6.224,-6.063
"2026-03-17 20:21:00",146,13.46,-6.092,-6.098,74.32,74.32,0,1.214,0,1.666,0.071,1012.438,0.254,0.177,286.3,283.9,-6.225,-6.07
"2026-03-17 20:22:00",147,13.46,-6.097,-6.108,74.55,74.94,0.001,1.075,0.051,1.372,0.083,1012.416,0.159,0.096,286.4,284.1,-6.221,-6.082
"2026-03-17 20:23:00",148,13.46,-6.111,-6.135,74.73,75.28,0,0.973,0,1.176,0.077,1012.406,0.148,0.105,286.3,284.2,-6.224,-6.085
"2026-03-17 20:24:00",149,13.46,-6.128,-6.158,74.78,75.34,0,1.171,0,1.372,2.148,1012.401,0.082,0,286.3,284.1,-6.231,-6.084
"2026-03-17 20:25:00",150,13.46,-6.148,-6.178,75.05,75.96,0,1.212,0,1.47,12.44,1012.427,0.053,0,286.3,283.8,-6.234,-6.087
"2026-03-17 20:26:00",151,13.46,-6.162,-6.204,75.27,76.21,0,1.517,0,1.764,17.55,1012.434,0,0,286.3,283.7,-6.236,-6.091
"2026-03-17 20:27:00",152,13.46,-6.188,-6.224,75.52,76.14,0,1.584,0,1.862,16.76,1012.432,0,0,286.3,284,-6.248,-6.1
"2026-03-17 20:28:00",153,13.46,-6.203,-6.236,75.61,76.05,0,1.613,0,1.862,7.639,1012.43,0,0,286.3,284.6,-6.251,-6.107
"2026-03-17 20:29:00",154,13.46,-6.213,-6.242,75.81,76.28,0.334,1.558,1.081,1.96,354.5,1012.407,0,0,286.4,284.9,-6.252,-6.101
"2026-03-17 20:30:00",155,13.46,-6.225,-6.251,75.95,76.37,1.028,1.875,1.39,2.156,351,1012.399,0,0,286.5,285.1,-6.251,-6.1
"2026-03-17 20:31:00",156,13.46,-6.242,-6.264,76.08,76.12,1.277,2.098,1.493,2.254,352.8,1012.385,0,0,286.5,285.3,-6.256,-6.11
"2026-03-17 20:32:00",157,13.46,-6.257,-6.271,76.29,76.14,1.334,2.188,1.544,2.352,1.586,1012.394,0,0,286.5,285.1,-6.266,-6.109
"2026-03-17 20:33:00",158,13.46,-6.28,-6.284,76.36,76.38,1.22,2.06,1.596,2.254,2.16,1012.392,0,0,286.5,284.9,-6.272,-6.11
"2026-03-17 20:34:00",159,13.45,-6.299,-6.306,76.57,76.76,0.951,1.812,1.184,1.96,2.154,1012.393,0,0,286.5,285,-6.269,-6.117
"2026-03-17 20:35:00",160,13.46,-6.318,-6.33,76.63,77.04,0.522,1.506,0.978,1.862,10.62,1012.392,0,0,286.5,284.9,-6.276,-6.122
"2026-03-17 20:36:00",161,13.46,-6.336,-6.35,76.87,77.67,0.006,1.16,0.309,1.372,10.95,1012.394,0,0,286.5,284.7,-6.288,-6.125
"2026-03-17 20:37:00",162,13.46,-6.345,-6.371,76.98,77.26,0,1.454,0,1.666,14.41,1012.401,0,-0.019,286.4,284.7,-6.301,-6.125
"2026-03-17 20:38:00",163,13.46,-6.352,-6.373,76.84,77.26,0,1.225,0,1.666,8.4,1012.398,0,-0.005,286.4,284.7,-6.305,-6.127
"2026-03-17 20:39:00",164,13.46,-6.342,-6.373,76.8,77.18,0.003,0.868,0.103,1.176,2.905,1012.385,0,0,286.4,284.9,-6.303,-6.125
"2026-03-17 20:40:00",165,13.46,-6.335,-6.367,76.79,77.43,0,0.574,0,0.784,346.4,1012.357,0,0,286.4,285.1,-6.306,-6.125
"2026-03-17 20:41:00",166,13.45,-6.332,-6.37,76.78,77.28,0,0.676,0,0.882,341.5,1012.335,0,0,286.5,285.4,-6.306,-6.125
"2026-03-17 20:42:00",167,13.46,-6.331,-6.337,76.6,75.77,0,0.678,0,0.882,341.4,1012.319,0,0,286.5,285.7,-6.306,-6.124
"2026-03-17 20:43:00",168,13.47,-6.316,-6.242,76.56,74.84,0,0.494,0,0.686,341.2,1012.307,0,0,286.5,285.6,-6.307,-6.119
"2026-03-17 20:44:00",169,13.47,-6.309,-6.185,76.69,75.63,0,0.408,0,0.49,341.3,1012.314,0,0,286.6,285.5,-6.309,-6.116
"2026-03-17 20:45:00",170,13.46,-6.311,-6.203,76.93,76.39,0,0.096,0,0.49,341.6,1012.317,0,0,286.6,285.3,-6.314,-6.103
"2026-03-17 20:46:00",171,13.46,-6.321,-6.238,77.13,77.06,0,0.124,0,0.392,342.2,1012.329,0,0,286.6,285,-6.321,-6.095
"2026-03-17 20:47:00",172,13.46,-6.337,-6.285,77.29,77.38,0,0.352,0,0.49,342.4,1012.325,0,0,286.6,285,-6.325,-6.095
"2026-03-17 20:48:00",173,13.46,-6.353,-6.325,77.36,77.58,0,0.01,0,0.098,342.4,1012.322,0,0,286.6,285.2,-6.336,-6.091
"2026-03-17 20:49:00",174,13.46,-6.36,-6.353,77.48,77.78,0,0,0,0,342.4,1012.328,0,0,286.6,285.4,-6.338,-6.079
"2026-03-17 20:50:00",175,13.47,-6.357,-6.37,77.56,77.84,0,0,0,0,342.4,1012.32,-0.01,-0.01,286.7,285.6,-6.338,-6.061
"2026-03-17 20:51:00",176,13.47,-6.35,-6.378,77.59,77.9,0,0,0,0,342.4,1012.319,0,0,286.7,285.6,-6.34,-6.044
"2026-03-17 20:52:00",177,13.46,-6.342,-6.378,77.59,77.99,0,0,0,0,342.4,1012.318,0,0,286.7,285.5,-6.341,-6.035
"2026-03-17 20:53:00",178,13.46,-6.326,-6.377,77.61,78.16,0,0,0,0,342.4,1012.318,0,0,286.7,285.4,-6.342,-6.024
"2026-03-17 20:54:00",179,13.47,-6.318,-6.377,77.64,78.32,0,0.077,0,0.392,342.4,1012.287,0,0,286.7,285.3,-6.344,-6.04
"2026-03-17 20:55:00",180,13.46,-6.329,-6.396,77.54,78,0,0.478,0,0.686,341.9,1012.251,0,0,286.7,285.5,-6.352,-6.049
"2026-03-17 20:56:00",181,13.46,-6.346,-6.408,77.47,77.8,0,0.597,0,0.784,341.6,1012.226,0,0,286.7,285.7,-6.346,-6.061
"2026-03-17 20:57:00",182,13.46,-6.357,-6.409,77.44,77.6,0,0.526,0,0.784,341.6,1012.25,0.014,0.005,286.7,285.7,-6.349,-6.075
"2026-03-17 20:58:00",183,13.46,-6.357,-6.402,77.19,77.5,0,0.091,0,0.392,341.6,1012.278,0.009,0.009,286.7,285.7,-6.346,-6.077
"2026-03-17 20:59:00",184,13.46,-6.339,-6.39,77.22,77.41,0,0,0,0,341.6,1012.275,0.081,0.115,286.7,285.6,-6.344,-6.068
"2026-03-17 21:00:00",185,13.46,-6.339,-6.387,77.33,77.54,0,0,0,0,341.5,1012.24,0.029,0.063,286.7,285.7,-6.346,-6.06
"2026-03-17 21:01:00",186,13.46,-6.358,-6.406,77.57,77.91,0,0,0,0,341.4,1012.213,0,0,286.7,285.8,-6.357,-6.059
"2026-03-17 21:02:00",187,13.47,-6.384,-6.432,77.81,78.2,0,0,0,0,341.4,1012.214,0,0,286.7,285.8,-6.358,-6.062
"2026-03-17 21:03:00",188,13.46,-6.395,-6.447,77.96,78.17,0,0,0,0,341.4,1012.223,0,0,286.7,285.9,-6.362,-6.056
"2026-03-17 21:04:00",189,13.46,-6.398,-6.445,78.11,78.17,0,0,0,0,341.4,1012.231,0,0,286.8,285.7,-6.364,-6.044
"2026-03-17 21:05:00",190,13.46,-6.397,-6.44,78.16,78.08,0,0,0,0,341.4,1012.248,0,0.005,286.8,285.4,-6.365,-6.035
"2026-03-17 21:06:00",191,13.46,-6.39,-6.419,78.17,77.79,0,0,0,0,341.4,1012.25,0.033,0.014,286.7,285.3,-6.366,-6.026
"2026-03-17 21:07:00",192,13.47,-6.38,-6.384,78.11,77.25,0,0,0,0,341.4,1012.245,0.067,0.038,286.7,285.1,-6.364,-6.029
"2026-03-17 21:08:00",193,13.46,-6.365,-6.343,77.92,76.76,0,0,0,0,341.4,1012.231,0.12,0.091,286.7,284.8,-6.363,-6.028
"2026-03-17 21:09:00",194,13.46,-6.343,-6.322,77.72,76.98,0,0,0,0,341.4,1012.217,0.139,0.106,286.7,285.1,-6.363,-6.026
"2026-03-17 21:10:00",195,13.46,-6.321,-6.295,77.68,77.55,0,0,0,0,341.4,1012.194,0.144,0.115,286.7,285.4,-6.36,-6.02
"2026-03-17 21:11:00",196,13.46,-6.294,-6.26,77.8,77.95,0,0,0,0,341.3,1012.189,0.12,0.092,286.7,285.5,-6.352,-6.021
"2026-03-17 21:12:00",197,13.46,-6.274,-6.241,77.97,78.29,0,0.006,0,0.49,315.8,1012.19,0.148,0.149,286.7,285.4,-6.353,-6.015
"2026-03-17 21:13:00",198,13.46,-6.261,-6.225,78.24,78.66,0.001,0.565,0.051,0.784,280.3,1012.171,0.148,0.134,286.8,285.3,-6.345,-6.01
"2026-03-17 21:14:00",199,13.46,-6.234,-6.202,78.34,78.71,0.001,0.726,0.051,1.078,280.8,1012.153,0.157,0.177,286.8,285.3,-6.333,-6.001
"2026-03-17 21:15:00",200,13.46,-6.199,-6.179,78.33,78.52,0.001,0.844,0.051,1.176,289.7,1012.158,0.263,0.282,286.9,285.5,-6.31,-5.985
"2026-03-17 21:16:00",201,13.46,-6.168,-6.158,78.36,78.56,0.001,0.759,0.051,0.98,307.8,1012.163,0.316,0.316,287,285.6,-6.294,-5.968
"2026-03-17 21:17:00",202,13.46,-6.144,-6.138,78.24,78.33,0.001,0.769,0.051,1.078,317.9,1012.155,0.282,0.292,287,285.6,-6.282,-5.96
"2026-03-17 21:18:00",203,13.46,-6.116,-6.112,78.01,78.13,0.004,0.753,0.103,1.176,36.95,1012.171,0.335,0.368,287.1,285.3,-6.262,-5.932
"2026-03-17 21:19:00",204,13.46,-6.095,-6.118,77.71,78.58,0.002,0.393,0.206,1.176,42.52,1012.187,0.46,0.474,287,284.5,-6.259,-5.933
"2026-03-17 21:20:00",205,13.46,-6.109,-6.158,77.7,78.8,0.228,0.371,0.824,1.372,14.22,1012.21,0.292,0.278,287,284.8,-6.256,-5.951
"2026-03-17 21:21:00",206,13.46,-6.108,-6.169,77.67,78.81,0,0,0,0,14.24,1012.222,0.354,0.307,287,285.1,-6.249,-5.94
"2026-03-17 21:22:00",207,13.46,-6.094,-6.16,77.5,78.18,0,0,0,0,77.01,1012.215,0.364,0.316,286.9,284.7,-6.244,-5.932
"2026-03-17 21:23:00",208,13.46,-6.071,-6.143,77.29,77.83,0,0,0,0,77.15,1012.209,0.358,0.296,286.9,284.3,-6.237,-5.926
"2026-03-17 21:24:00",209,13.46,-6.041,-6.118,77.06,77.63,0,0,0,0,77.13,1012.193,0.555,0.483,286.9,284.2,-6.223,-5.923
"2026-03-17 21:25:00",210,13.46,-6.01,-6.095,76.83,77.54,0,0,0,0,3.065,1012.17,0.43,0.312,286.9,284.6,-6.21,-5.916
"2026-03-17 21:26:00",211,13.46,-5.968,-6.043,76.54,77.15,0,0.301,0,0.882,288.6,1012.15,0.382,0.344,287,284.9,-6.181,-5.895
"2026-03-17 21:27:00",212,13.46,-5.909,-5.984,76.2,76.75,0,0.471,0,0.686,290,1012.122,0.546,0.512,287,284.9,-6.149,-5.88
"2026-03-17 21:28:00",213,13.46,-5.862,-5.955,75.86,76.49,0.001,0.538,0.051,1.078,314.2,1012.115,0.574,0.574,287.1,284.7,-6.119,-5.869
"2026-03-17 21:29:00",214,13.46,-5.846,-5.947,75.71,76.53,0,0.829,0,1.176,318.5,1012.094,0.546,0.537,287.1,284.8,-6.109,-5.875
"2026-03-17 21:30:00",215,13.45,-5.849,-5.959,75.62,76.67,0,0.539,0,0.784,315.6,1012.078,0.455,0.45,287.1,285.3,-6.091,-5.875
"2026-03-17 21:31:00",216,13.46,-5.858,-5.97,75.7,76.94,0,0.271,0,0.588,315,1012.071,0.387,0.358,287.2,285.8,-6.083,-5.882
"2026-03-17 21:32:00",217,13.46,-5.866,-5.966,75.8,76.96,0,0,0,0,315.1,1012.072,0.33,0.312,287.2,286,-6.081,-5.884
"2026-03-17 21:33:00",218,13.45,-5.865,-5.959,75.91,76.79,0,0,0,0,315.3,1012.079,0.287,0.287,287.3,286,-6.079,-5.877
"2026-03-17 21:34:00",219,13.46,-5.867,-5.947,76.01,76.78,0,0,0,0,315.4,1012.092,0.287,0.282,287.3,285.8,-6.085,-5.864
"2026-03-17 21:35:00",220,13.46,-5.884,-5.944,76.05,76.63,0,0,0,0,315.4,1012.106,0.264,0.259,287.3,285.3,-6.087,-5.852
"2026-03-17 21:36:00",221,13.46,-5.903,-5.944,76.19,76.49,0,0,0,0,315.4,1012.101,0.215,0.159,287.2,285,-6.09,-5.853
"2026-03-17 21:37:00",222,13.46,-5.915,-5.946,76.31,76.07,0,0,0,0,315.4,1012.092,0.115,0.062,287.2,284.8,-6.09,-5.857
"2026-03-17 21:38:00",223,13.46,-5.927,-5.942,76.45,75.84,0,0,0,0,315.4,1012.063,0.057,0.025,287.2,284.6,-6.097,-5.857
"2026-03-17 21:39:00",224,13.46,-5.934,-5.936,76.55,75.96,0,0,0,0,315.4,1012.046,0.01,0,287.1,284.8,-6.105,-5.857
"2026-03-17 21:40:00",225,13.46,-5.941,-5.929,76.64,76.04,0,0,0,0,315.4,1012.04,0,0,287.1,285.3,-6.111,-5.852
"2026-03-17 21:41:00",226,13.46,-5.942,-5.925,76.69,76.02,0,0,0,0,315.4,1012.028,0.005,0,287.2,285.6,-6.109,-5.855
"2026-03-17 21:42:00",227,13.46,-5.942,-5.921,76.74,76.29,0,0,0,0,315.4,1012.02,0.009,0,287.2,285.6,-6.109,-5.854
"2026-03-17 21:43:00",228,13.46,-5.95,-5.929,76.71,75.83,0,0,0,0,315.5,1012.027,0.062,0.033,287.2,285.5,-6.112,-5.839
"2026-03-17 21:44:00",229,13.46,-5.962,-5.954,76.19,74.82,0,0.236,0,0.686,39.87,1012.02,0.148,0.058,287.2,285.6,-6.106,-5.834
"2026-03-17 21:45:00",230,13.46,-5.972,-5.914,75.57,73.71,0,0.267,0,0.686,39.86,1011.986,0.082,0.067,287.3,286.1,-6.108,-5.834
"2026-03-17 21:46:00",231,13.46,-5.928,-5.831,75.13,73.43,0,0,0,0,39.7,1011.958,0.071,0.043,287.3,286.4,-6.11,-5.839
"2026-03-17 21:47:00",232,13.46,-5.872,-5.763,74.69,73.22,0,0,0,0,39.29,1011.933,0.005,0.024,287.4,286.2,-6.106,-5.841
"2026-03-17 21:48:00",233,13.46,-5.816,-5.707,74.35,73.12,0,0.322,0,0.588,27.79,1011.916,0,0.085,287.4,285.9,-6.112,-5.851
"2026-03-17 21:49:00",234,13.46,-5.763,-5.663,74.04,73.09,0,0.649,0,0.98,27.86,1011.907,0.105,0.211,287.4,286,-6.099,-5.849
"2026-03-17 21:50:00",235,13.46,-5.717,-5.633,73.9,73.15,0,0.976,0,1.176,28.65,1011.935,0.259,0.287,287.5,285.9,-6.078,-5.842
"2026-03-17 21:51:00",236,13.46,-5.696,-5.622,74.15,73.43,0.001,1.511,0.051,1.96,51.87,1011.969,0.287,0.287,287.5,285.5,-6.071,-5.833
"2026-03-17 21:52:00",237,13.45,-5.693,-5.62,74.41,74.37,0,1.011,0,1.862,66.45,1011.968,0.263,0.287,287.5,285.1,-6.052,-5.827
"2026-03-17 21:53:00",238,13.46,-5.692,-5.658,74.84,75.12,0,0.578,0,0.882,73.88,1011.948,0.307,0.297,287.5,284.9,-6.04,-5.816
"2026-03-17 21:54:00",239,13.46,-5.718,-5.707,75.27,75.87,0,0.747,0,0.98,67.28,1011.935,0.287,0.287,287.4,284.5,-6.034,-5.805
"2026-03-17 21:55:00",240,13.47,-5.739,-5.744,75.47,75.98,0,0.78,0,1.078,63.79,1011.906,0.316,0.287,287.4,284.4,-6.017,-5.802
"2026-03-17 21:56:00",241,13.46,-5.738,-5.762,75.51,76.32,0,0.766,0,1.078,61.05,1011.885,0.306,0.287,287.4,284.4,-6.005,-5.795
"2026-03-17 21:57:00",242,13.46,-5.732,-5.77,75.51,76.17,0,0.887,0,1.176,44.13,1011.873,0.335,0.287,287.5,284.9,-5.99,-5.793
"2026-03-17 21:58:00",243,13.46,-5.717,-5.76,75.51,76.19,0,0.834,0,0.98,32.71,1011.867,0.367,0.292,287.6,285.7,-5.974,-5.782
"2026-03-17 21:59:00",244,13.46,-5.699,-5.739,75.54,76.01,0,0.77,0,1.078,31.78,1011.871,0.407,0.344,287.7,285.6,-5.965,-5.761
"2026-03-17 22:00:00",245,13.46,-5.688,-5.715,75.48,75.69,0.003,0.985,0.154,1.47,29.44,1011.875,0.345,0.321,287.7,284.7,-5.949,-5.751
"2026-03-17 22:01:00",246,13.45,-5.673,-5.699,75.35,75.79,0,1.001,0,1.568,29.22,1011.872,0.401,0.311,287.6,283.8,-5.937,-5.738
"2026-03-17 22:02:00",247,13.46,-5.657,-5.688,75.39,76.11,0,0.507,0,1.078,28.87,1011.856,0.522,0.34,287.5,283.7,-5.932,-5.733
"2026-03-17 22:03:00",248,13.46,-5.653,-5.692,75.51,76.39,0,0.032,0,0.392,18.55,1011.82,0.388,0.287,287.5,284.1,-5.934,-5.736
"2026-03-17 22:04:00",249,13.47,-5.661,-5.707,75.7,76.62,0,0.126,0,0.588,3.917,1011.797,0.297,0.287,287.4,283.7,-5.922,-5.747
"2026-03-17 22:05:00",250,13.46,-5.674,-5.72,75.86,76.94,0,0.16,0,0.49,3.887,1011.79,0.292,0.287,287.3,282.9,-5.923,-5.761
"2026-03-17 22:06:00",251,13.46,-5.689,-5.737,76.08,77.14,0,0,0,0,3.887,1011.782,0.287,0.177,287.1,282.5,-5.935,-5.775
"2026-03-17 22:07:00",252,13.47,-5.705,-5.754,76.24,77.22,0,0,0,0,3.887,1011.777,0.287,0.053,287,282.7,-5.936,-5.786
"2026-03-17 22:08:00",253,13.46,-5.722,-5.766,76.36,77.27,0,0,0,0,3.887,1011.774,0.278,0,287,283.1,-5.935,-5.81
"2026-03-17 22:09:00",254,13.47,-5.736,-5.777,76.45,77.34,0,0,0,0,3.887,1011.786,0.225,0,287,283.6,-5.946,-5.822
"2026-03-17 22:10:00",255,13.46,-5.74,-5.78,76.5,77.41,0,0,0,0,3.97,1011.816,0.201,0,287,284,-5.95,-5.832
"2026-03-17 22:11:00",256,13.47,-5.738,-5.782,76.49,77.3,0,0.015,0,0.294,4.059,1011.828,0.063,0,287.1,283.7,-5.951,-5.828
"2026-03-17 22:12:00",257,13.46,-5.739,-5.787,76.44,77.62,0.109,0.817,1.338,2.156,17.65,1011.814,0.043,0,287,283.4,-5.951,-5.834
"2026-03-17 22:13:00",258,13.46,-5.747,-5.807,76.37,77.54,1.51,1.959,2.265,2.548,9.66,1011.78,0.129,0.014,287.2,284,-5.945,-5.826
"2026-03-17 22:14:00",259,13.46,-5.75,-5.817,76.24,77.4,0.333,0.934,1.338,1.666,6.212,1011.763,0.287,0.23,287.4,284.2,-5.925,-5.789
"2026-03-17 22:15:00",260,13.46,-5.739,-5.817,76.37,77.61,0,0.052,0,0.49,5.816,1011.75,0.287,0.287,287.3,283.7,-5.924,-5.774
"2026-03-17 22:16:00",261,13.46,-5.749,-5.828,76.58,77.96,0,0,0,0,0.13,1011.738,0.287,0.259,287.2,283.8,-5.933,-5.785
"2026-03-17 22:17:00",262,13.46,-5.777,-5.847,76.78,78.13,0,0.01,0,0.196,0.071,1011.728,0.268,0.082,287.2,284.7,-5.938,-5.801
"2026-03-17 22:18:00",263,13.46,-5.795,-5.862,76.95,78.26,0,0,0,0,0.071,1011.708,0.159,0.014,287.3,284.9,-5.933,-5.804
"2026-03-17 22:19:00",264,13.46,-5.809,-5.87,77.03,78.3,0,0,0,0,0.071,1011.717,0.053,0,287.2,284.2,-5.945,-5.805
"2026-03-17 22:20:00",265,13.46,-5.818,-5.871,77.12,78.37,0,0,0,0,0.071,1011.714,0.01,0,287.1,282.9,-5.959,-5.811
"2026-03-17 22:21:00",266,13.46,-5.835,-5.885,77.22,78.54,0,0,0,0,0.071,1011.691,0.057,0,286.9,281.7,-5.967,-5.827
"2026-03-17 22:22:00",267,13.46,-5.852,-5.9,77.3,78.66,0,0,0,0,0.065,1011.682,0.077,-0.014,286.8,281.4,-5.969,-5.837
"2026-03-17 22:23:00",268,13.46,-5.858,-5.913,77.36,78.73,0,0,0,0,0.071,1011.676,0.014,-0.062,286.7,282.3,-5.976,-5.849
"2026-03-17 22:24:00",269,13.46,-5.858,-5.925,77.42,78.86,0,0,0,0,0.071,1011.665,0.047,-0.033,286.7,282.6,-5.98,-5.863
"2026-03-17 22:25:00",270,13.46,-5.857,-5.937,77.49,79.06,0,0.006,0,0.294,347.9,1011.65,0.02,-0.057,286.7,282.8,-5.991,-5.884
"2026-03-17 22:26:00",271,13.46,-5.867,-5.957,77.59,79.19,0,0.52,0,0.882,326.1,1011.606,0.005,-0.029,286.8,283.7,-5.99,-5.887
"2026-03-17 22:27:00",272,13.46,-5.887,-5.978,77.7,79.2,0,0.909,0,1.078,325.5,1011.56,0,-0.029,286.9,284.3,-5.998,-5.893
"2026-03-17 22:28:00",273,13.46,-5.903,-5.985,77.75,79.14,0,0.511,0,0.882,326,1011.575,0,-0.01,287,284.4,-6.01,-5.893
"2026-03-17 22:29:00",274,13.46,-5.914,-5.986,77.82,79.23,0,0.003,0,0.098,326.1,1011.588,0,-0.014,287,284.5,-6.007,-5.877
"2026-03-17 22:30:00",275,13.46,-5.922,-5.99,77.9,79.39,0,0,0,0,326.1,1011.587,0,-0.005,287.1,284.5,-6.015,-5.861
"2026-03-17 22:31:00",276,13.46,-5.934,-5.994,78.05,79.49,0,0,0,0,326.1,1011.583,0,-0.015,287.1,284.3,-6.027,-5.853
"2026-03-17 22:32:00",277,13.46,-5.957,-6.006,78.23,79.63,0,0,0,0,326.1,1011.571,0,-0.033,287,284.3,-6.036,-5.849
"2026-03-17 22:33:00",278,13.46,-5.983,-6.014,78.43,79.79,0,0,0,0,326.1,1011.555,0,-0.144,287,283.8,-6.047,-5.846
"2026-03-17 22:34:00",279,13.46,-6.008,-6.026,78.61,80.1,0,0,0,0,326.1,1011.538,-0.005,-0.244,286.9,282.7,-6.059,-5.841
"2026-03-17 22:35:00",280,13.45,-6.028,-6.05,78.8,80.2,0,0,0,0,326.1,1011.51,-0.009,-0.282,286.8,282.3,-6.067,-5.854
"2026-03-17 22:36:00",281,13.45,-6.041,-6.069,78.96,80.3,0,0.119,0,0.392,326.1,1011.482,-0.005,-0.287,286.7,282.8,-6.077,-5.865
"2026-03-17 22:37:00",282,13.46,-6.054,-6.083,79.05,80.3,0,0.323,0,0.49,326.1,1011.48,-0.023,-0.264,286.7,283.7,-6.087,-5.887
"2026-03-17 22:38:00",283,13.46,-6.06,-6.087,79.12,80.3,0,0.003,0,0.196,326.1,1011.473,-0.02,-0.196,286.8,284.1,-6.088,-5.893
"2026-03-17 22:39:00",284,13.46,-6.059,-6.088,79.14,80.2,0,0,0,0,326.1,1011.457,0,-0.077,286.8,283.8,-6.094,-5.892
"2026-03-17 22:40:00",285,13.46,-6.054,-6.088,79.12,80.2,0,0,0,0,326.2,1011.453,0.029,-0.057,286.9,283.6,-6.101,-5.887
"2026-03-17 22:41:00",286,13.46,-6.055,-6.088,79.17,80.4,0,0.098,0,0.392,37.08,1011.458,0,-0.138,286.8,283.3,-6.113,-5.871
"2026-03-17 22:42:00",287,13.46,-6.075,-6.113,79.34,80.8,0,0,0,0,37.06,1011.443,0.043,-0.144,286.8,283.4,-6.123,-5.866
"2026-03-17 22:43:00",288,13.46,-6.101,-6.139,79.49,80.9,0,0.358,0,0.98,37.06,1011.427,0,-0.144,286.9,283.6,-6.128,-5.88
"2026-03-17 22:44:00",289,13.46,-6.131,-6.159,79.69,81,0,0.931,0,1.372,36.98,1011.432,-0.062,-0.172,286.8,283.3,-6.145,-5.894
"2026-03-17 22:45:00",290,13.46,-6.156,-6.176,79.85,81,0,1.313,0,1.568,21.97,1011.412,-0.134,-0.229,286.8,283.1,-6.153,-5.908
"2026-03-17 22:46:00",291,13.46,-6.171,-6.168,79.94,80.8,0,0.624,0,1.372,0.065,1011.384,-0.139,-0.272,286.9,283.6,-6.154,-5.918
"2026-03-17 22:47:00",292,13.46,-6.157,-6.163,79.97,80.8,0,0.4,0,0.784,312.5,1011.346,-0.01,-0.139,286.9,283.8,-6.156,-5.915
"2026-03-17 22:48:00",293,13.47,-6.154,-6.142,79.98,80.6,0,0.585,0,0.882,268.5,1011.312,0.043,-0.091,286.8,283.3,-6.164,-5.922
"2026-03-17 22:49:00",294,13.46,-6.164,-6.155,80.1,80.9,0.306,0.584,0.875,0.882,256.4,1011.316,0.044,-0.072,286.8,283,-6.18,-5.929
"2026-03-17 22:50:00",295,13.47,-6.182,-6.177,80.2,81.1,0,0.032,0,0.392,256.5,1011.328,0.014,-0.081,286.8,283.3,-6.176,-5.928
"2026-03-17 22:51:00",296,13.47,-6.184,-6.193,80.2,81.2,0,0,0,0,256.6,1011.333,0,-0.057,286.8,283.7,-6.182,-5.927
"2026-03-17 22:52:00",297,13.46,-6.179,-6.192,80.3,81.2,0,0,0,0,256.6,1011.324,0.005,0,286.8,284.1,-6.183,-5.92
"2026-03-17 22:53:00",298,13.47,-6.169,-6.183,80.3,81.1,0,0,0,0,256.6,1011.325,0.029,0,286.8,284.2,-6.184,-5.912
"2026-03-17 22:54:00",299,13.46,-6.153,-6.169,80.3,81,0,0,0,0,256.6,1011.325,0.109,0,286.8,284,-6.187,-5.9
"2026-03-17 22:55:00",300,13.46,-6.137,-6.156,80.2,80.9,0,0,0,0,256.6,1011.323,0.1,0,286.8,283.8,-6.186,-5.889
"2026-03-17 22:56:00",301,13.46,-6.123,-6.148,80.1,80.8,0,0,0,0,256.6,1011.311,0.101,0,286.8,283.8,-6.191,-5.886
"2026-03-17 22:57:00",302,13.47,-6.115,-6.147,80,80.7,0,0,0,0,256.6,1011.302,0.13,0,286.8,284,-6.192,-5.892
"2026-03-17 22:58:00",303,13.47,-6.114,-6.139,79.95,80.6,0,0,0,0,256.6,1011.315,0.139,-0.005,286.9,284.4,-6.192,-5.893
"2026-03-17 22:59:00",304,13.46,-6.107,-6.117,79.87,80.4,0,0,0,0,256.6,1011.324,0.144,0.042,286.9,284.6,-6.195,-5.892
"2026-03-17 23:00:00",305,13.46,-6.088,-6.087,79.75,80.1,0,0,0,0,256.6,1011.345,0.144,0.129,286.9,284.4,-6.189,-5.888
"2026-03-17 23:01:00",306,13.46,-6.07,-6.062,79.67,79.76,0,0,0,0,256.6,1011.335,0.154,0.101,286.9,284.1,-6.194,-5.886
"2026-03-17 23:02:00",307,13.46,-6.059,-6.049,79.61,79.59,0,0,0,0,256.6,1011.308,0.129,0,287,284.4,-6.196,-5.892
"2026-03-17 23:03:00",308,13.46,-6.06,-6.028,79.48,79.29,0,0,0,0,256.6,1011.296,0.105,0,287,284.9,-6.192,-5.89
"2026-03-17 23:04:00",309,13.46,-6.04,-6.006,79.28,79.09,0,0,0,0,256.6,1011.291,0.071,0.043,287,285,-6.192,-5.888
"2026-03-17 23:05:00",310,13.47,-6.012,-5.985,79.1,78.93,0,0,0,0,256.6,1011.289,0.148,0.139,287,284.9,-6.193,-5.879
"2026-03-17 23:06:00",311,13.47,-5.983,-5.963,78.94,78.75,0,0,0,0,256.6,1011.269,0.168,0.167,287.1,285,-6.188,-5.87
"2026-03-17 23:07:00",312,13.46,-5.981,-5.938,78.8,78.4,0.001,0,0.051,0,256.3,1011.248,0.062,0.039,287.1,284.9,-6.192,-5.881
"2026-03-17 23:08:00",313,13.45,-5.994,-5.936,78.67,78,0,0,0,0,256.3,1011.238,0.067,0.076,287.1,284.7,-6.186,-5.889
"2026-03-17 23:09:00",314,13.45,-5.988,-5.923,78.6,77.68,0,0,0,0,256.2,1011.194,0.063,0.034,287.1,284.6,-6.193,-5.891
"2026-03-17 23:10:00",315,13.46,-6.009,-5.899,78.65,78.06,0,0,0,0,256.2,1011.164,0.081,0.033,287.1,284.8,-6.192,-5.895
"2026-03-17 23:11:00",316,13.46,-5.973,-5.863,78.55,78.02,0,0,0,0,256.2,1011.15,0.01,0.01,287.1,285.1,-6.19,-5.893
"2026-03-17 23:12:00",317,13.46,-5.898,-5.836,78.4,78.01,0,0.013,0,0.196,256.2,1011.133,0.115,0.148,287.1,285.2,-6.184,-5.883
"2026-03-17 23:13:00",318,13.46,-5.849,-5.82,78.22,78.13,0,0,0,0,256.3,1011.13,0.229,0.253,287.2,285.2,-6.18,-5.863
"2026-03-17 23:14:00",319,13.46,-5.826,-5.808,78.16,78.24,0,0,0,0,256.3,1011.127,0.273,0.287,287.2,285,-6.18,-5.85
"2026-03-17 23:15:00",320,13.46,-5.816,-5.81,78.11,78.35,0,0,0,0,256.3,1011.124,0.282,0.287,287.2,284.8,-6.172,-5.835
"2026-03-17 23:16:00",321,13.46,-5.815,-5.811,78.14,78.52,0,0,0,0,256.3,1011.121,0.287,0.287,287.2,284.2,-6.163,-5.83
"2026-03-17 23:17:00",322,13.47,-5.822,-5.825,78.2,78.7,0,0,0,0,256.3,1011.11,0.287,0.287,287.1,283.8,-6.158,-5.825
"2026-03-17 23:18:00",323,13.46,-5.836,-5.838,78.25,78.81,0,0,0,0,256.3,1011.095,0.287,0.287,287.1,283.9,-6.146,-5.825
"2026-03-17 23:19:00",324,13.46,-5.835,-5.848,78.27,78.92,0,0,0,0,256.3,1011.058,0.287,0.273,287.1,284.1,-6.145,-5.822
"2026-03-17 23:20:00",325,13.46,-5.83,-5.858,78.33,79.14,0.002,0.314,0.103,0.784,256.1,1011.03,0.287,0.282,287,283.9,-6.146,-5.819
"2026-03-17 23:21:00",326,13.46,-5.828,-5.864,78.51,79.49,0.001,0.753,0.051,1.078,256,1011.02,0.287,0.287,287.1,283.7,-6.131,-5.814
"2026-03-17 23:22:00",327,13.46,-5.831,-5.879,78.7,79.92,0,0.946,0,1.176,249.3,1011.026,0.297,0.287,287.1,283.4,-6.117,-5.802
"2026-03-17 23:23:00",328,13.47,-5.845,-5.893,78.92,80.3,0,0.609,0,0.784,249.5,1011.03,0.359,0.287,287.1,283,-6.115,-5.798
"2026-03-17 23:24:00",329,13.46,-5.855,-5.899,79.18,80.6,0,0.466,0,0.784,249.7,1011.012,0.34,0.287,287,282.9,-6.112,-5.795
"2026-03-17 23:25:00",330,13.46,-5.853,-5.901,79.37,80.8,0,0.652,0,0.882,249.9,1010.992,0.287,0.201,287,282.9,-6.102,-5.786
"2026-03-17 23:26:00",331,13.46,-5.856,-5.915,79.59,81.1,0,0.872,0,1.47,251.3,1010.978,0.287,0.182,287,282.9,-6.095,-5.78
"2026-03-17 23:27:00",332,13.46,-5.865,-5.928,79.87,81.6,0.002,1.502,0.051,1.764,248.7,1010.993,0.287,0.106,287,282.8,-6.093,-5.779
"2026-03-17 23:28:00",333,13.46,-5.875,-5.926,80.1,81.9,0,1.19,0,1.47,248.9,1011.025,0.287,0.106,287.1,282.7,-6.079,-5.77
"2026-03-17 23:29:00",334,13.46,-5.878,-5.913,80.3,81.9,0,1.024,0,1.176,248.7,1011.057,0.287,0.115,287.1,283,-6.077,-5.76
"2026-03-17 23:30:00",335,13.46,-5.875,-5.901,80.4,81.9,0.003,0.837,0.051,1.176,225.8,1011.054,0.302,0.153,287.2,283.2,-6.067,-5.756
"2026-03-17 23:31:00",336,13.46,-5.894,-5.908,80.5,81.8,0.272,0.644,0.927,1.274,203.4,1011.061,0.321,0.192,287.2,283.1,-6.068,-5.768
"2026-03-17 23:32:00",337,13.46,-5.937,-5.95,80.5,82,0.396,1.037,1.338,1.372,201.7,1011.049,0.192,0.053,287.2,283.3,-6.069,-5.789
"2026-03-17 23:33:00",338,13.46,-5.944,-5.979,80.7,82.1,0.892,1.166,1.441,1.47,226.1,1011.03,0.205,0.081,287.2,283.6,-6.065,-5.786
"2026-03-17 23:34:00",339,13.45,-5.961,-6.001,80.7,82.2,0.681,1.485,1.081,1.764,249.4,1011.022,0.235,0.134,287.3,284.1,-6.059,-5.781
"2026-03-17 23:35:00",340,13.46,-5.954,-5.956,80.8,81.8,1.14,1.711,1.441,1.862,257.5,1011.017,0.144,0.077,287.4,284.5,-6.051,-5.773
"2026-03-17 23:36:00",341,13.46,-5.91,-5.875,80.7,81.3,0.927,1.561,1.184,1.666,258.2,1011.019,0.234,0.215,287.5,284.5,-6.03,-5.757
"2026-03-17 23:37:00",342,13.46,-5.864,-5.805,80.5,80.9,0.89,1.577,1.184,1.666,264.4,1011.019,0.287,0.273,287.5,284.5,-6.014,-5.743
"2026-03-17 23:38:00",343,13.46,-5.817,-5.742,80.4,80.5,0.848,1.5,1.184,1.666,267.8,1011.021,0.292,0.287,287.6,284.4,-6.001,-5.725
"2026-03-17 23:39:00",344,13.46,-5.776,-5.708,80.2,80.4,0.302,1.27,0.772,1.372,268.1,1011.026,0.334,0.287,287.6,284.5,-5.982,-5.707
"2026-03-17 23:40:00",345,13.46,-5.752,-5.696,80.2,80.4,0.494,1.352,0.978,1.568,264.2,1011.022,0.315,0.292,287.7,284.5,-5.971,-5.697
"2026-03-17 23:41:00",346,13.46,-5.737,-5.687,80.2,80.5,1.191,1.65,1.544,1.96,252.3,1011.012,0.316,0.287,287.8,284.9,-5.951,-5.693
"2026-03-17 23:42:00",347,13.46,-5.723,-5.675,80.2,80.5,1.656,2.082,1.905,2.254,241.6,1011.013,0.287,0.287,287.8,284.5,-5.945,-5.681
"2026-03-17 23:43:00",348,13.46,-5.71,-5.671,80.2,80.6,1.379,1.752,1.596,2.058,229.9,1011.021,0.292,0.292,287.9,284.4,-5.929,-5.675
"2026-03-17 23:44:00",349,13.46,-5.715,-5.695,80.3,80.9,0.939,1.67,1.39,1.862,253.6,1011.009,0.292,0.287,287.9,284.3,-5.922,-5.673
"2026-03-17 23:45:00",350,13.46,-5.719,-5.699,80.5,81.3,0.576,1.824,1.596,2.156,274.6,1010.993,0.287,0.245,287.9,284.1,-5.903,-5.659
"2026-03-17 23:46:00",351,13.46,-5.683,-5.636,80.6,80.9,1.327,2.002,1.544,2.156,276.5,1010.958,0.278,0.224,288,284,-5.876,-5.634
"2026-03-17 23:47:00",352,13.46,-5.63,-5.546,80.5,80.4,1.638,2.224,2.162,2.352,271.1,1010.922,0.34,0.287,288.1,284.3,-5.85,-5.599
"2026-03-17 23:48:00",353,13.46,-5.564,-5.385,80.2,79.07,1.937,2.222,2.214,2.352,271.4,1010.883,0.359,0.292,288.2,284.6,-5.833,-5.582
"2026-03-17 23:49:00",354,13.46,-5.456,-5.184,79.69,77.5,1.996,2.291,2.162,2.45,267.2,1010.855,0.349,0.306,288.3,284.9,-5.803,-5.565
"2026-03-17 23:50:00",355,13.46,-5.393,-5.122,79.12,76.88,1.916,2.322,2.214,2.45,263.8,1010.882,0.364,0.33,288.4,284.5,-5.777,-5.553
"2026-03-17 23:51:00",356,13.46,-5.423,-5.252,78.87,77.74,1.518,2.242,2.059,2.744,259.1,1010.908,0.445,0.422,288.3,284.3,-5.767,-5.549
"2026-03-17 23:52:00",357,13.46,-5.509,-5.41,78.92,78.49,1.897,2.637,2.368,2.842,263.7,1010.932,0.379,0.335,288.3,284.6,-5.765,-5.563
"2026-03-17 23:53:00",358,13.46,-5.585,-5.508,79.08,78.74,1.625,2.516,2.008,2.744,274.6,1010.977,0.282,0.254,288.2,284.6,-5.766,-5.585
"2026-03-17 23:54:00",359,13.46,-5.636,-5.574,79.26,79.13,1.246,2.039,1.596,2.45,277.7,1011.026,0.249,0.163,288.2,284.1,-5.767,-5.609
"2026-03-17 23:55:00",360,13.46,-5.675,-5.641,79.43,79.49,1.209,1.839,1.544,2.058,275.4,1011.039,0.154,0.053,288.1,284.1,-5.767,-5.634
"2026-03-17 23:56:00",361,13.46,-5.705,-5.684,79.56,79.81,1.114,1.744,1.39,1.96,269.6,1011.031,0.148,0.01,288.1,284.3,-5.77,-5.644
"2026-03-17 23:57:00",362,13.46,-5.721,-5.661,79.63,79.71,1.399,1.989,1.699,2.156,262.9,1010.995,0.115,-0.005,288,284.7,-5.78,-5.655
"2026-03-17 23:58:00",363,13.46,-5.714,-5.607,79.55,79.18,1.167,1.859,1.441,2.058,262.3,1010.981,0.11,0.014,288,284.7,-5.783,-5.657
"2026-03-17 23:59:00",364,13.46,-5.715,-5.61,79.54,79.23,1.216,1.96,1.493,2.058,265.6,1010.962,0.106,0.005,288.1,284.8,-5.78,-5.658
"2026-03-18 00:00:00",365,13.46,-5.719,-5.521,79.54,78.8,1.393,2.212,1.75,2.352,273.2,1010.942,0.048,0.005,288.1,285,-5.783,-5.66
