"TOA5","1481","CR3000","1481","CR3000.Std.32.06","CPU:AWS_MaggieMay.CR3","1996","Res_data_1_min"
"TIMESTAMP","RECORD","BattV","temperature_1","temperature_2","rel_humidity_1","rel_humidity_2","wind_speed_1","wind_speed_2","gust_speed_1","gust_speed_2","wind_direction","air_pressure","SWup","SWdown","LWup","LWdown","CNR1_T_degC","ground_temperature"
"TS","RN","Volts","degC","degC","%","%","m/s","m/s","m/s","m/s","deg","hPa","W/m^2","W/m^2","W/m^2","W/m^2","degC","degC"
"","","Min","Avg","Avg","Smp","Smp","Avg","Avg","Max","Max","Smp","Avg","Avg","Avg","Avg","Avg","Avg","Avg"
"2026-03-20 00:01:00",3246,13.42,-6.069,-6.055,84,83.8,0,1.055,0,1.274,41.75,991.6469,0.503,0.287,288.7,284,-6.192,-5.065
"2026-03-20 00:02:00",3247,13.46,-6.056,-6.06,84,83.9,0,1.467,0,1.764,41.1,991.63,0.493,0.258,288.8,283.7,-6.181,-5.064
"2026-03-20 00:03:00",3248,13.46,-6.053,-6.082,84,84,0,1.729,0,1.862,27.87,991.6157,0.474,0.258,288.8,283.4,-6.161,-5.059
"2026-03-20 00:04:00",3249,13.46,-6.054,-6.11,83.9,84.1,0,1.576,0,1.764,23.61,991.5812,0.546,0.287,288.7,283.2,-6.155,-5.059
"2026-03-20 00:05:00",3250,13.46,-6.068,-6.141,83.9,84.2,0,1.592,0,1.862,23.36,991.5599,0.465,0.216,288.6,282.9,-6.158,-5.06
"2026-03-20 00:06:00",3251,13.46,-6.08,-6.167,83.8,84.2,0,1.714,0,1.96,23.06,991.5275,0.44,0.187,288.5,282.7,-6.155,-5.062
"2026-03-20 00:07:00",3252,13.46,-6.092,-6.186,83.8,84.2,0,1.782,0,2.156,23.91,991.5177,0.421,0.139,288.6,282.7,-6.149,-5.067
"2026-03-20 00:08:00",3253,13.46,-6.099,-6.196,83.8,84,0,1.985,0,2.352,22.85,991.5077,0.374,0.139,288.5,282.8,-6.142,-5.069
"2026-03-20 00:09:00",3254,13.46,-6.104,-6.199,83.7,83.8,0,1.971,0,2.156,22.38,991.5021,0.383,0.139,288.5,283.1,-6.139,-5.07
"2026-03-20 00:10:00",3255,13.46,-6.102,-6.195,83.6,83.7,0.082,1.797,1.184,1.96,21.78,991.5021,0.377,0.139,288.5,283.3,-6.137,-5.071
"2026-03-20 00:11:00",3256,13.46,-6.096,-6.189,83.4,83.6,1.049,1.744,1.338,1.96,21.38,991.4931,0.397,0.144,288.6,283.4,-6.124,-5.076
"2026-03-20 00:12:00",3257,13.46,-6.089,-6.182,83.4,83.5,0.457,1.634,1.184,1.862,21.49,991.4931,0.407,0.144,288.6,283.3,-6.122,-5.079
"2026-03-20 00:13:00",3258,13.45,-6.084,-6.173,83.3,83.5,0.465,1.625,1.287,1.862,21.5,991.4755,0.412,0.144,288.6,283.1,-6.121,-5.079
"2026-03-20 00:14:00",3259,13.45,-6.075,-6.159,83.3,83.4,0.321,1.514,1.184,1.764,21.58,991.4664,0.402,0.144,288.6,282.9,-6.112,-5.08
"2026-03-20 00:15:00",3260,13.46,-6.054,-6.136,83.2,83.5,0.071,1.29,0.36,1.568,21.65,991.4554,0.398,0.139,288.5,282.6,-6.107,-5.08
"2026-03-20 00:16:00",3261,13.46,-6.035,-6.114,83.2,83.4,0,1.397,0,1.666,19.67,991.4494,0.406,0.134,288.6,282.6,-6.097,-5.082
"2026-03-20 00:17:00",3262,13.46,-6.01,-6.087,83.2,83.4,0.007,1.343,0.154,1.568,20.03,991.46,0.516,0.196,288.6,282.7,-6.092,-5.08
"2026-03-20 00:18:00",3263,13.46,-5.982,-6.051,83.2,83.1,0.1,1.436,0.412,1.568,20.09,991.4601,0.493,0.181,288.6,282.8,-6.078,-5.073
"2026-03-20 00:19:00",3264,13.46,-5.945,-6.01,83,82.9,0.294,1.525,1.133,1.764,20.26,991.458,0.546,0.244,288.7,282.7,-6.071,-5.068
"2026-03-20 00:20:00",3265,13.46,-5.91,-5.95,82.8,82.2,0.886,1.498,1.287,1.666,20.49,991.4604,0.507,0.234,288.7,282.7,-6.056,-5.065
"2026-03-20 00:21:00",3266,13.46,-5.864,-5.883,82.4,81.8,0.364,1.327,1.03,1.666,10.67,991.4615,0.56,0.287,288.8,282.7,-6.034,-5.064
"2026-03-20 00:22:00",3267,13.46,-5.812,-5.811,82,81.4,0,0.624,0,1.176,10.43,991.4661,0.612,0.397,288.7,282.3,-6.023,-5.061
"2026-03-20 00:23:00",3268,13.47,-5.758,-5.758,81.7,81,0,0,0,0,10.42,991.4617,0.718,0.445,288.6,281.8,-6.018,-5.06
"2026-03-20 00:24:00",3269,13.47,-5.715,-5.722,81.4,80.8,0,0,0,0,10.43,991.4427,0.699,0.431,288.4,281.1,-6.016,-5.055
"2026-03-20 00:25:00",3270,13.46,-5.679,-5.706,81.1,80.6,0,0,0,0,10.43,991.4297,0.723,0.402,288.3,280.3,-6.007,-5.048
"2026-03-20 00:26:00",3271,13.46,-5.648,-5.694,80.9,80.5,0,0,0,0,10.43,991.4188,0.718,0.407,288.1,279.4,-6.011,-5.042
"2026-03-20 00:27:00",3272,13.45,-5.631,-5.688,80.7,80.4,0,0,0,0,10.42,991.3965,0.708,0.259,287.8,278.6,-6.003,-5.036
"2026-03-20 00:28:00",3273,13.46,-5.618,-5.693,80.6,80.3,0,0,0,0,10.43,991.3676,0.718,0.153,287.6,277.6,-6.006,-5.031
"2026-03-20 00:29:00",3274,13.46,-5.615,-5.699,80.4,80.3,0,0,0,0,10.43,991.3492,0.66,0.144,287.4,276.7,-6.005,-5.031
"2026-03-20 00:30:00",3275,13.45,-5.617,-5.707,80.3,80.2,0,0,0,0,10.43,991.3305,0.709,0.129,287.2,276,-6.007,-5.03
"2026-03-20 00:31:00",3276,13.46,-5.617,-5.711,80.2,80.2,0,0,0,0,10.42,991.32,0.651,-0.032,287,275.4,-6.007,-5.03
"2026-03-20 00:32:00",3277,13.45,-5.618,-5.715,80.2,80.2,0,0,0,0,10.43,991.3152,0.66,-0.116,286.8,274.9,-6.023,-5.032
"2026-03-20 00:33:00",3278,13.45,-5.617,-5.714,80.1,80.2,0,0,0,0,10.44,991.3209,0.556,-0.157,286.5,274.5,-6.029,-5.036
"2026-03-20 00:34:00",3279,13.46,-5.617,-5.716,80,80.2,0,0,0,0,10.43,991.3293,0.445,-0.311,286.2,274.3,-6.052,-5.037
"2026-03-20 00:35:00",3280,13.46,-5.618,-5.717,79.98,80.2,0,0,0,0,10.43,991.347,0.445,-0.373,286.1,274.4,-6.06,-5.047
"2026-03-20 00:36:00",3281,13.46,-5.618,-5.721,79.96,80.2,0,0,0,0,10.44,991.3492,0.431,-0.431,285.9,274.5,-6.072,-5.05
"2026-03-20 00:37:00",3282,13.46,-5.629,-5.731,79.95,80.3,0,0,0,0,10.43,991.3598,0.431,-0.393,285.9,274.6,-6.076,-5.052
"2026-03-20 00:38:00",3283,13.46,-5.648,-5.747,79.95,80.3,0,0,0,0,10.43,991.3606,0.44,-0.245,285.9,274.5,-6.086,-5.059
"2026-03-20 00:39:00",3284,13.46,-5.656,-5.755,79.97,80.4,0,0,0,0,10.43,991.366,0.46,-0.144,285.8,274.1,-6.096,-5.066
"2026-03-20 00:40:00",3285,13.46,-5.663,-5.757,79.98,80.5,0,0,0,0,10.46,991.3586,0.44,-0.144,285.8,273.3,-6.101,-5.067
"2026-03-20 00:41:00",3286,13.46,-5.686,-5.765,80,80.5,0,0,0,0,10.45,991.3458,0.435,-0.277,285.5,271.9,-6.115,-5.078
"2026-03-20 00:42:00",3287,13.47,-5.715,-5.789,80.1,80.7,0,0,0,0,10.46,991.3237,0.474,-0.287,285.3,270.4,-6.124,-5.086
"2026-03-20 00:43:00",3288,13.48,-5.748,-5.812,80.2,80.8,0,0,0,0,10.46,991.2821,0.435,-0.397,284.9,269,-6.137,-5.091
"2026-03-20 00:44:00",3289,13.46,-5.764,-5.821,80.4,80.9,0,0,0,0,10.46,991.2497,0.436,-0.431,284.5,267.5,-6.152,-5.099
"2026-03-20 00:45:00",3290,13.46,-5.784,-5.835,80.4,81,0,0,0,0,10.46,991.2186,0.402,-0.602,284,266.3,-6.172,-5.11
"2026-03-20 00:46:00",3291,13.46,-5.814,-5.855,80.5,81.1,0,0,0,0,10.45,991.1943,0.378,-0.718,283.7,265.6,-6.193,-5.118
"2026-03-20 00:47:00",3292,13.46,-5.829,-5.861,80.6,81.4,0,0,0,0,10.71,991.1943,0.302,-0.736,283.5,265.3,-6.214,-5.127
"2026-03-20 00:48:00",3293,13.46,-5.828,-5.855,80.8,81.5,0,0,0,0,11.1,991.1893,0.426,-0.723,283.6,265.6,-6.218,-5.135
"2026-03-20 00:49:00",3294,13.46,-5.818,-5.844,80.9,81.4,0.001,0.597,0.051,0.882,61.43,991.194,0.431,-0.718,283.9,266.2,-6.224,-5.138
"2026-03-20 00:50:00",3295,13.45,-5.8,-5.829,80.9,81.4,0,0.834,0,1.078,72.88,991.1951,0.431,-0.556,284.2,267,-6.218,-5.142
"2026-03-20 00:51:00",3296,13.45,-5.779,-5.813,81,81.7,0,0.98,0,1.176,72.86,991.1909,0.44,-0.435,284.5,268,-6.216,-5.142
"2026-03-20 00:52:00",3297,13.45,-5.744,-5.788,81,81.7,0.074,1.18,0.463,1.47,76.3,991.2086,0.603,-0.369,284.8,269,-6.204,-5.142
"2026-03-20 00:53:00",3298,13.46,-5.726,-5.775,81,81.9,0.46,1.14,0.978,1.372,76.22,991.2093,0.66,-0.192,285.1,270.1,-6.203,-5.145
"2026-03-20 00:54:00",3299,13.46,-5.726,-5.779,80.9,81.8,0.734,1.23,1.081,1.47,73.35,991.2162,0.603,-0.229,285.2,271.1,-6.208,-5.143
"2026-03-20 00:55:00",3300,13.46,-5.749,-5.812,80.9,81.8,0.148,1.053,0.463,1.274,53.16,991.2142,0.503,-0.277,285.5,272.2,-6.204,-5.143
"2026-03-20 00:56:00",3301,13.46,-5.788,-5.854,80.9,82,0.013,0.893,0.206,1.176,53.12,991.2188,0.464,-0.187,285.7,273.2,-6.204,-5.133
"2026-03-20 00:57:00",3302,13.45,-5.806,-5.87,81.1,82.1,0,0.557,0,0.882,52.9,991.2231,0.44,-0.144,285.8,274.1,-6.203,-5.135
"2026-03-20 00:58:00",3303,13.46,-5.809,-5.89,81,82.1,0,0.415,0,0.588,52.9,991.2134,0.469,-0.144,285.9,274.7,-6.203,-5.136
"2026-03-20 00:59:00",3304,13.46,-5.84,-5.922,80.9,82.2,0,0.458,0,0.686,53,991.2079,0.431,-0.148,285.9,275,-6.216,-5.139
"2026-03-20 01:00:00",3305,13.46,-5.875,-5.942,81,82.3,0,0.074,0,0.392,53.16,991.1891,0.388,-0.287,285.9,275.2,-6.229,-5.138
"2026-03-20 01:01:00",3306,13.45,-5.899,-5.954,81.1,82.5,0,0.067,0,0.49,53.45,991.1675,0.364,-0.372,285.9,275.3,-6.235,-5.139
"2026-03-20 01:02:00",3307,13.46,-5.915,-5.957,81.3,82.5,0,0.364,0,0.882,53.38,991.1337,0.359,-0.311,285.9,275.5,-6.235,-5.146
"2026-03-20 01:03:00",3308,13.46,-5.919,-5.957,81.4,82.6,0,0.804,0,1.078,53.27,991.1083,0.378,-0.259,286.1,275.5,-6.234,-5.146
"2026-03-20 01:04:00",3309,13.46,-5.928,-5.971,81.5,82.6,0.004,1.018,0.257,1.176,53.31,991.0732,0.431,-0.148,286.3,275.5,-6.233,-5.149
"2026-03-20 01:05:00",3310,13.46,-5.941,-5.989,81.4,82.5,0.003,0.969,0.206,1.078,53.19,991.0679,0.426,-0.144,286.4,275.5,-6.234,-5.15
"2026-03-20 01:06:00",3311,13.46,-5.974,-6.022,81.4,82.4,0,0.914,0,1.078,53.07,991.0653,0.412,-0.162,286.3,275.7,-6.249,-5.151
"2026-03-20 01:07:00",3312,13.46,-6.003,-6.052,81.5,82.6,0,0.658,0,0.882,52.97,991.0502,0.312,-0.249,286.3,275.8,-6.264,-5.161
"2026-03-20 01:08:00",3313,13.46,-6.014,-6.076,81.5,82.7,0,0.291,0,0.686,53.05,991.0508,0.421,-0.154,286.3,276.2,-6.265,-5.166
"2026-03-20 01:09:00",3314,13.46,-6.016,-6.095,81.5,82.8,0,0.287,0,0.588,52.99,991.0528,0.369,-0.205,286.2,276.6,-6.267,-5.17
"2026-03-20 01:10:00",3315,13.45,-6.037,-6.119,81.5,83,0,0.46,0,0.588,53,991.0575,0.316,-0.287,286.3,276.9,-6.271,-5.174
"2026-03-20 01:11:00",3316,13.45,-6.053,-6.14,81.6,82.9,0,0.079,0,0.49,52.97,991.0432,0.297,-0.268,286.3,277,-6.281,-5.174
"2026-03-20 01:12:00",3317,13.45,-6.077,-6.172,81.6,82.9,0,0.007,0,0.294,52.92,991.0334,0.306,-0.272,286.3,276.9,-6.289,-5.174
"2026-03-20 01:13:00",3318,13.46,-6.107,-6.208,81.6,83,0,0,0,0,52.92,991.0115,0.282,-0.278,286.3,276.5,-6.298,-5.177
"2026-03-20 01:14:00",3319,13.46,-6.139,-6.241,81.6,83.2,0,0.067,0,0.49,52.91,990.9899,0.287,-0.321,286.2,275.9,-6.31,-5.178
"2026-03-20 01:15:00",3320,13.46,-6.172,-6.275,81.6,83.2,0,0.538,0,0.784,52.95,990.9711,0.254,-0.387,286.1,275.3,-6.321,-5.18
"2026-03-20 01:16:00",3321,13.46,-6.206,-6.305,81.8,83.4,0,0.662,0,0.784,52.9,990.9492,0.22,-0.416,286,274.8,-6.334,-5.184
"2026-03-20 01:17:00",3322,13.46,-6.231,-6.324,81.9,83.5,0,0.841,0,0.98,52.96,990.9608,0.173,-0.431,286,274.7,-6.348,-5.196
"2026-03-20 01:18:00",3323,13.46,-6.253,-6.35,82,83.6,0,0.792,0,0.98,53.03,990.9694,0.182,-0.431,286,275.1,-6.356,-5.201
"2026-03-20 01:19:00",3324,13.46,-6.274,-6.374,82.1,83.7,0,0.768,0,0.882,53.03,990.9771,0.168,-0.431,286,275.5,-6.366,-5.206
"2026-03-20 01:20:00",3325,13.45,-6.292,-6.394,82.2,83.9,0,0.747,0,0.98,53.16,990.9734,0.196,-0.426,286.1,275.8,-6.37,-5.216
"2026-03-20 01:21:00",3326,13.46,-6.302,-6.41,82.3,84,0,0.554,0,0.882,53.06,990.9597,0.273,-0.383,286.1,275.8,-6.369,-5.222
"2026-03-20 01:22:00",3327,13.45,-6.311,-6.423,82.4,84.1,0,0.85,0,1.078,52.94,990.9355,0.296,-0.359,286.1,275.4,-6.378,-5.226
"2026-03-20 01:23:00",3328,13.46,-6.327,-6.443,82.5,84.1,0,1.082,0,1.372,52.99,990.9105,0.282,-0.349,286,274.6,-6.388,-5.226
"2026-03-20 01:24:00",3329,13.46,-6.346,-6.462,82.6,84.3,0,1.152,0,1.372,53.03,990.887,0.278,-0.335,286,274.1,-6.407,-5.23
"2026-03-20 01:25:00",3330,13.46,-6.362,-6.476,82.7,84.5,0.324,1.267,1.081,1.47,52.83,990.8821,0.282,-0.393,286,273.9,-6.405,-5.232
"2026-03-20 01:26:00",3331,13.47,-6.371,-6.483,82.9,84.7,0.806,1.516,1.338,1.666,46.32,990.882,0.287,-0.35,286.1,274,-6.401,-5.237
"2026-03-20 01:27:00",3332,13.46,-6.384,-6.499,83,84.8,0.846,1.527,1.236,1.666,42.08,990.884,0.287,-0.292,286,274.1,-6.413,-5.241
"2026-03-20 01:28:00",3333,13.46,-6.403,-6.521,83.1,84.9,0.287,1.338,0.824,1.568,33.36,990.8862,0.287,-0.339,286,274.2,-6.426,-5.246
"2026-03-20 01:29:00",3334,13.46,-6.43,-6.542,83.2,85,0.049,1.083,0.36,1.274,33.44,990.8887,0.258,-0.416,285.9,274.3,-6.437,-5.254
"2026-03-20 01:30:00",3335,13.46,-6.45,-6.559,83.3,85.1,0,0.706,0,0.98,33.45,990.8832,0.201,-0.44,285.8,274.1,-6.451,-5.26
"2026-03-20 01:31:00",3336,13.46,-6.469,-6.575,83.4,85.2,0,0.24,0,0.49,33.32,990.878,0.162,-0.484,285.6,273.5,-6.466,-5.266
"2026-03-20 01:32:00",3337,13.46,-6.477,-6.582,83.5,85.3,0,0.553,0,0.686,33.4,990.8514,0.148,-0.541,285.4,273.1,-6.479,-5.271
"2026-03-20 01:33:00",3338,13.46,-6.487,-6.592,83.5,85.4,0,0.428,0,0.588,33.4,990.8339,0.153,-0.593,285.3,273,-6.501,-5.275
"2026-03-20 01:34:00",3339,13.46,-6.499,-6.601,83.6,85.5,0,0.028,0,0.392,33.31,990.8171,0.144,-0.608,285.3,273.1,-6.51,-5.277
"2026-03-20 01:35:00",3340,13.46,-6.504,-6.594,83.7,85.7,0,0,0,0,33.3,990.8002,0.148,-0.622,285.2,273.7,-6.532,-5.278
"2026-03-20 01:36:00",3341,13.46,-6.509,-6.576,83.8,85.8,0,0.002,0,0.098,33.27,990.7993,0.144,-0.618,285.2,274.5,-6.544,-5.28
"2026-03-20 01:37:00",3342,13.46,-6.511,-6.569,83.9,85.9,0,0,0,0,33.27,990.7957,0.144,-0.57,285.3,275.5,-6.552,-5.281
"2026-03-20 01:38:00",3343,13.46,-6.518,-6.565,84,86,0,0,0,0,33.27,990.7977,0.139,-0.56,285.4,276.4,-6.559,-5.279
"2026-03-20 01:39:00",3344,13.46,-6.517,-6.554,84.1,86,0,0,0,0,29.48,990.7985,0.144,-0.445,285.6,277.2,-6.571,-5.271
"2026-03-20 01:40:00",3345,13.46,-6.51,-6.549,84.3,86.1,0.003,0,0.051,0,29.25,990.7925,0.144,-0.431,285.7,277.9,-6.574,-5.268
"2026-03-20 01:41:00",3346,13.45,-6.503,-6.555,84.4,86.1,0,0,0,0,4.343,990.792,0.144,-0.431,285.9,278.4,-6.582,-5.265
"2026-03-20 01:42:00",3347,13.46,-6.504,-6.554,84.5,86.2,0,0.028,0,0.294,4.284,990.7967,0.144,-0.397,286,279,-6.577,-5.26
"2026-03-20 01:43:00",3348,13.46,-6.497,-6.477,84.6,86.4,0,0,0,0,4.278,990.7857,0.144,-0.287,286.2,279.6,-6.578,-5.259
"2026-03-20 01:44:00",3349,13.46,-6.476,-6.336,84.8,86.5,0,0,0,0,4.278,990.7895,0.148,-0.177,286.3,280.1,-6.577,-5.261
"2026-03-20 01:45:00",3350,13.45,-6.389,-6.199,85,86.4,0,0,0,0,4.278,990.7783,0.158,-0.144,286.4,280.6,-6.576,-5.258
"2026-03-20 01:46:00",3351,13.46,-6.274,-6.084,85,86.1,0,0,0,0,4.278,990.7624,0.245,-0.144,286.5,280.9,-6.576,-5.26
"2026-03-20 01:47:00",3352,13.46,-6.164,-5.994,85.1,85.5,0,0,0,0,4.278,990.7397,0.253,-0.139,286.7,281.1,-6.575,-5.254
"2026-03-20 01:48:00",3353,13.46,-6.098,-5.939,84.8,84.7,0.002,0.249,0.051,0.686,4.343,990.7213,0.297,-0.048,286.8,281.2,-6.58,-5.253
"2026-03-20 01:49:00",3354,13.46,-6.149,-5.972,84.3,84.1,0,0.611,0,0.882,4.331,990.6977,0.272,-0.09,286.8,281.4,-6.579,-5.25
"2026-03-20 01:50:00",3355,13.46,-6.234,-6.047,84.1,84,0,0.181,0,0.49,4.313,990.6928,0.215,-0.139,286.9,281.7,-6.581,-5.252
"2026-03-20 01:51:00",3356,13.46,-6.279,-6.09,84,84.1,0,0,0,0,4.319,990.69,0.291,-0.115,287,281.9,-6.579,-5.253
"2026-03-20 01:52:00",3357,13.45,-6.304,-6.126,84.1,84.2,0,0,0,0,4.319,990.6884,0.311,-0.053,287.1,282.1,-6.572,-5.246
"2026-03-20 01:53:00",3358,13.45,-6.317,-6.156,84.2,84.3,0,0,0,0,4.319,990.6838,0.302,-0.025,287.1,282.2,-6.57,-5.238
"2026-03-20 01:54:00",3359,13.46,-6.334,-6.183,84.2,84.2,0,0,0,0,4.319,990.6745,0.321,0.005,287.1,282.3,-6.575,-5.232
"2026-03-20 01:55:00",3360,13.46,-6.373,-6.248,84.1,84.1,0,0,0,0,4.319,990.658,0.259,-0.1,287.1,282.5,-6.578,-5.227
"2026-03-20 01:56:00",3361,13.46,-6.422,-6.338,84,84,0,0,0,0,282,990.6616,0.182,-0.148,287.1,282.5,-6.58,-5.227
"2026-03-20 01:57:00",3362,13.45,-6.48,-6.43,84,84.1,0,0.008,0,0.098,281.8,990.6533,0.143,-0.148,287.1,282.7,-6.59,-5.224
"2026-03-20 01:58:00",3363,13.46,-6.536,-6.476,84.1,84.4,0,0,0,0,281.8,990.6326,0.125,-0.172,287.1,283,-6.599,-5.225
"2026-03-20 01:59:00",3364,13.45,-6.557,-6.497,84.2,84.6,0,0,0,0,281.8,990.6243,0.105,-0.162,287.2,283.2,-6.605,-5.224
"2026-03-20 02:00:00",3365,13.45,-6.573,-6.519,84.2,84.7,0,0,0,0,281.9,990.6067,0.13,-0.153,287.3,283.4,-6.605,-5.221
"2026-03-20 02:01:00",3366,13.45,-6.581,-6.532,84.3,84.8,0,0,0,0,281.9,990.5925,0.139,-0.144,287.4,283.6,-6.608,-5.213
"2026-03-20 02:02:00",3367,13.46,-6.578,-6.54,84.4,84.8,0,0,0,0,281.8,990.5803,0.144,-0.148,287.6,283.6,-6.609,-5.203
"2026-03-20 02:03:00",3368,13.46,-6.571,-6.543,84.4,84.9,0,0,0,0,281.9,990.5659,0.148,-0.144,287.7,283.5,-6.604,-5.195
"2026-03-20 02:04:00",3369,13.46,-6.558,-6.539,84.5,84.9,0,0,0,0,281.9,990.556,0.162,-0.148,287.8,283.4,-6.607,-5.187
"2026-03-20 02:05:00",3370,13.46,-6.551,-6.542,84.5,85,0,0,0,0,282.3,990.5417,0.187,-0.144,287.9,283.4,-6.601,-5.177
"2026-03-20 02:06:00",3371,13.46,-6.555,-6.573,84.6,85.2,0,0,0,0,282.3,990.5296,0.272,-0.144,288.2,283.6,-6.6,-5.173
"2026-03-20 02:07:00",3372,13.45,-6.564,-6.602,84.7,85.3,0,0,0,0,282.3,990.513,0.345,-0.191,288.9,283.7,-6.586,-5.169
"2026-03-20 02:08:00",3373,13.46,-6.568,-6.622,84.8,85.5,0,0,0,0,282.3,990.4984,0.368,-0.349,289.5,283.8,-6.578,-5.166
"2026-03-20 02:09:00",3374,13.45,-6.563,-6.624,84.8,85.7,0,0,0,0,282.6,990.4653,0.421,-0.402,289.9,283.7,-6.577,-5.162
"2026-03-20 02:10:00",3375,13.45,-6.558,-6.631,84.9,85.9,0,0,0,0,283.3,990.4583,0.435,-0.202,290.3,283.7,-6.566,-5.158
"2026-03-20 02:11:00",3376,13.52,-6.552,-6.637,85,86.1,0,0,0,0,310.4,990.45,0.445,0.018,290.7,283.7,-6.554,-5.153
"2026-03-20 02:12:00",3377,13.45,-6.54,-6.639,85.1,86.3,0,0,0,0,310.4,990.4395,0.487,0.187,291,283.7,-6.541,-5.149
"2026-03-20 02:13:00",3378,13.45,-6.541,-6.647,85.2,86.4,0,0,0,0,310.3,990.4472,0.474,0.144,291.1,283.6,-6.538,-5.144
"2026-03-20 02:14:00",3379,13.45,-6.541,-6.656,85.3,86.5,0,0,0,0,310.2,990.4428,0.459,0.106,290.9,283.5,-6.527,-5.144
"2026-03-20 02:15:00",3380,13.45,-6.551,-6.665,85.3,86.6,0,0,0,0,310,990.4326,0.435,0.144,290.6,283.2,-6.513,-5.14
"2026-03-20 02:16:00",3381,13.46,-6.557,-6.671,85.4,86.7,0,0,0,0,310,990.4291,0.431,0.367,290.4,282.9,-6.511,-5.125
"2026-03-20 02:17:00",3382,13.46,-6.558,-6.674,85.5,86.8,0,0,0,0,310,990.4041,0.431,0.421,290.1,282.6,-6.508,-5.109
"2026-03-20 02:18:00",3383,13.45,-6.549,-6.675,85.5,86.8,0,0,0,0,310,990.3881,0.483,0.636,289.9,281.8,-6.502,-5.098
"2026-03-20 02:19:00",3384,13.45,-6.542,-6.67,85.6,86.9,0,0,0,0,310,990.3576,0.479,0.455,289.6,280.6,-6.5,-5.088
"2026-03-20 02:20:00",3385,13.45,-6.536,-6.664,85.6,87,0,0,0,0,310,990.3321,0.441,0.116,289.4,279.1,-6.497,-5.088
"2026-03-20 02:21:00",3386,13.45,-6.531,-6.66,85.6,87,0,0,0,0,310,990.3226,0.44,0.005,289.2,277.6,-6.497,-5.098
"2026-03-20 02:22:00",3387,13.45,-6.527,-6.658,85.7,87.1,0,0,0,0,310,990.3055,0.45,-0.028,288.6,275.8,-6.502,-5.106
"2026-03-20 02:23:00",3388,13.51,-6.525,-6.658,85.7,87.2,0,0,0,0,310,990.2916,0.536,-0.287,287.8,274.1,-6.503,-5.125
"2026-03-20 02:24:00",3389,13.51,-6.525,-6.66,85.8,87.2,0,0,0,0,310,990.2791,0.488,-0.454,287.1,272.5,-6.518,-5.138
"2026-03-20 02:25:00",3390,13.51,-6.522,-6.655,85.8,87.3,0,0,0,0,310,990.272,0.492,-0.574,286.5,271.1,-6.534,-5.155
"2026-03-20 02:26:00",3391,13.51,-6.527,-6.655,85.8,87.4,0,0,0,0,310,990.2552,0.47,-0.594,285.9,270.5,-6.551,-5.173
"2026-03-20 02:27:00",3392,13.51,-6.533,-6.643,85.9,87.5,0,0,0,0,310,990.2401,0.46,-0.622,285.4,270.5,-6.567,-5.189
"2026-03-20 02:28:00",3393,13.45,-6.534,-6.631,86,87.8,0,0,0,0,310,990.2349,0.431,-0.756,285,271,-6.573,-5.203
"2026-03-20 02:29:00",3394,13.52,-6.534,-6.617,86,88.3,0,0,0,0,310,990.2239,0.402,-0.737,284.7,271.6,-6.599,-5.221
"2026-03-20 02:30:00",3395,13.45,-6.536,-6.601,86.1,88.6,0,0,0,0,310,990.2214,0.335,-0.808,284.5,272.4,-6.618,-5.231
"2026-03-20 02:31:00",3396,13.52,-6.535,-6.588,86.2,88.7,0,0.003,0,0.098,310,990.2266,0.297,-0.824,284.4,273.6,-6.631,-5.244
"2026-03-20 02:32:00",3397,13.45,-6.524,-6.577,86.2,88.8,0,0.009,0,0.098,310,990.2231,0.287,-0.78,284.3,274.9,-6.641,-5.253
"2026-03-20 02:33:00",3398,13.45,-6.516,-6.572,86.3,88.9,0,0,0,0.098,310,990.2095,0.287,-0.689,284.4,276.2,-6.66,-5.26
"2026-03-20 02:34:00",3399,13.53,-6.516,-6.569,86.4,88.9,0,0,0,0,310,990.207,0.287,-0.585,284.6,277.6,-6.674,-5.267
"2026-03-20 02:35:00",3400,13.45,-6.512,-6.562,86.4,89,0,0,0,0,310,990.1962,0.273,-0.47,284.8,278.9,-6.677,-5.273
"2026-03-20 02:36:00",3401,13.45,-6.499,-6.544,86.5,89.1,0,0,0,0,310,990.2008,0.287,-0.426,284.9,279.9,-6.686,-5.276
"2026-03-20 02:37:00",3402,13.53,-6.493,-6.52,86.6,89.1,0,0,0,0,310,990.199,0.287,-0.369,285.2,280.8,-6.684,-5.277
"2026-03-20 02:38:00",3403,13.52,-6.487,-6.505,86.6,89.2,0,0,0,0,310,990.1969,0.287,-0.292,285.4,281.5,-6.69,-5.278
"2026-03-20 02:39:00",3404,13.45,-6.483,-6.502,86.7,89.2,0,0,0,0,310,990.1909,0.268,-0.254,285.7,281.9,-6.694,-5.278
"2026-03-20 02:40:00",3405,13.52,-6.484,-6.491,86.7,89.3,0,0,0,0,310,990.1671,0.287,-0.211,285.9,282.1,-6.694,-5.274
"2026-03-20 02:41:00",3406,13.52,-6.481,-6.468,86.8,89.4,0,0.005,0,0.098,309.9,990.1573,0.287,-0.139,286.1,282.1,-6.688,-5.267
"2026-03-20 02:42:00",3407,13.52,-6.471,-6.451,86.9,89.5,0,0.334,0,0.49,309.6,990.1533,0.287,-0.115,286.2,282.1,-6.687,-5.265
"2026-03-20 02:43:00",3408,13.46,-6.458,-6.431,86.9,89.6,0.003,0.538,0.103,0.686,309.4,990.138,0.287,-0.124,286.3,282,-6.686,-5.261
"2026-03-20 02:44:00",3409,13.45,-6.458,-6.431,87,89.7,0,0.692,0,0.784,309.4,990.1303,0.287,-0.139,286.3,282,-6.689,-5.257
"2026-03-20 02:45:00",3410,13.52,-6.452,-6.437,87.1,89.8,0,0.634,0,0.784,309.4,990.1287,0.282,-0.124,286.4,282.3,-6.689,-5.256
"2026-03-20 02:46:00",3411,13.52,-6.454,-6.446,87.1,89.9,0,0.599,0,0.784,309.4,990.1262,0.287,-0.073,286.5,282.6,-6.683,-5.252
"2026-03-20 02:47:00",3412,13.52,-6.454,-6.459,87.2,90,0,0.448,0,0.49,309.4,990.1259,0.301,0.01,286.6,283,-6.678,-5.254
"2026-03-20 02:48:00",3413,13.52,-6.449,-6.473,87.3,90.1,0,0.408,0,0.588,309.5,990.1218,0.311,0.048,286.8,283.3,-6.673,-5.253
"2026-03-20 02:49:00",3414,13.45,-6.455,-6.486,87.3,90.4,0,0.534,0,0.588,310,990.0984,0.307,0.096,286.9,283.5,-6.662,-5.251
"2026-03-20 02:50:00",3415,13.52,-6.473,-6.502,87.3,90.4,0,0.463,0,0.588,310.1,990.088,0.334,0.144,287,283.6,-6.657,-5.251
"2026-03-20 02:51:00",3416,13.52,-6.493,-6.521,87.4,90.5,0,0.04,0,0.294,310.1,990.0662,0.345,0.139,287.1,283.7,-6.651,-5.244
"2026-03-20 02:52:00",3417,13.45,-6.511,-6.53,87.4,90.6,0,0,0,0,310.1,990.0552,0.311,0.13,287.2,283.6,-6.648,-5.24
"2026-03-20 02:53:00",3418,13.46,-6.522,-6.547,87.4,90.6,0,0,0,0,310.1,990.0493,0.321,0.139,287.2,283.4,-6.641,-5.232
"2026-03-20 02:54:00",3419,13.45,-6.532,-6.573,87.5,90.6,0,0,0,0,310.1,990.0361,0.34,0.139,287.2,283.2,-6.639,-5.23
"2026-03-20 02:55:00",3420,13.52,-6.533,-6.591,87.5,90.6,0,0,0,0,310.1,990.0322,0.344,0.12,287.2,283.1,-6.631,-5.224
"2026-03-20 02:56:00",3421,13.52,-6.528,-6.603,87.6,90.8,0,0,0,0,310.1,990.018,0.393,0.144,287.2,283.1,-6.622,-5.221
"2026-03-20 02:57:00",3422,13.52,-6.518,-6.604,87.7,90.9,0,0,0,0,310.1,990.0126,0.44,0.201,287.3,282.9,-6.613,-5.218
"2026-03-20 02:58:00",3423,13.52,-6.506,-6.602,87.8,91,0,0,0,0,310.1,990.0005,0.503,0.191,287.3,282.8,-6.6,-5.211
"2026-03-20 02:59:00",3424,13.52,-6.492,-6.594,87.8,91.6,0,0,0,0,310.1,989.9779,0.54,0.268,287.3,282.6,-6.589,-5.204
"2026-03-20 03:00:00",3425,13.52,-6.483,-6.589,87.9,91.6,0,0,0,0,310.2,989.9562,0.545,0.263,287.4,282.2,-6.579,-5.198
"2026-03-20 03:01:00",3426,13.53,-6.474,-6.59,87.9,91.7,0,0,0,0,310.2,989.9521,0.535,0.216,287.4,281.8,-6.574,-5.192
"2026-03-20 03:02:00",3427,13.52,-6.464,-6.588,88,91.7,0,0,0,0,310.1,989.9352,0.56,0.211,287.4,281.5,-6.574,-5.193
"2026-03-20 03:03:00",3428,13.52,-6.452,-6.576,88,91.7,0,0,0,0,310.2,989.9299,0.531,0.163,287.3,281.2,-6.574,-5.189
"2026-03-20 03:04:00",3429,13.52,-6.445,-6.57,88,91.7,0,0,0,0,310.2,989.9243,0.55,0.163,287.4,281.2,-6.57,-5.179
"2026-03-20 03:05:00",3430,13.52,-6.441,-6.567,88,91.7,0,0,0,0,310.2,989.905,0.556,0.225,287.5,281.4,-6.558,-5.173
"2026-03-20 03:06:00",3431,13.52,-6.436,-6.56,88.1,91.7,0,0,0,0,310.2,989.8989,0.546,0.181,287.6,281.6,-6.555,-5.172
"2026-03-20 03:07:00",3432,13.52,-6.429,-6.558,88.1,91.7,0,0,0,0,310.2,989.8958,0.522,0.282,287.9,281.8,-6.543,-5.164
"2026-03-20 03:08:00",3433,13.52,-6.429,-6.557,88.1,91.7,0,0,0,0,310.2,989.8753,0.479,0.287,287.9,282,-6.539,-5.162
"2026-03-20 03:09:00",3434,13.45,-6.428,-6.56,88.1,91.7,0,0,0,0,310.2,989.8663,0.455,0.331,287.9,282.3,-6.532,-5.155
"2026-03-20 03:10:00",3435,13.46,-6.427,-6.561,88.1,91.7,0,0,0,0,310.2,989.8477,0.507,0.302,287.8,282.6,-6.517,-5.159
"2026-03-20 03:11:00",3436,13.45,-6.432,-6.565,88.2,91.7,0,0,0,0,310.2,989.8295,0.542,0.234,287.7,282.8,-6.513,-5.151
"2026-03-20 03:12:00",3437,13.45,-6.433,-6.564,88.2,91.7,0,0,0,0,310.2,989.8091,0.474,0.153,287.7,283,-6.506,-5.149
"2026-03-20 03:13:00",3438,13.46,-6.434,-6.559,88.2,91.8,0,0,0,0,310.2,989.7814,0.493,0.148,287.6,283.1,-6.506,-5.146
"2026-03-20 03:14:00",3439,13.45,-6.431,-6.557,88.2,91.8,0,0,0,0,310.2,989.7696,0.484,0.148,287.6,283.1,-6.504,-5.143
"2026-03-20 03:15:00",3440,13.45,-6.427,-6.553,88.2,91.8,0,0,0,0,310.2,989.7614,0.474,0.144,287.5,283.2,-6.504,-5.143
"2026-03-20 03:16:00",3441,13.45,-6.427,-6.548,88.2,91.8,0,0,0,0,310.2,989.7355,0.44,0.139,287.5,283.2,-6.496,-5.142
"2026-03-20 03:17:00",3442,13.45,-6.427,-6.55,88.3,91.8,0,0,0,0,310.2,989.7234,0.45,0.143,287.5,283.3,-6.495,-5.141
"2026-03-20 03:18:00",3443,13.45,-6.426,-6.542,88.3,91.8,0,0,0,0,310.2,989.7193,0.479,0.077,287.5,283.3,-6.492,-5.138
"2026-03-20 03:19:00",3444,13.45,-6.423,-6.537,88.3,91.8,0,0,0,0,310.2,989.7194,0.445,0.11,287.5,283.5,-6.492,-5.141
"2026-03-20 03:20:00",3445,13.46,-6.419,-6.533,88.3,91.8,0,0,0,0,310.2,989.7319,0.479,0.091,287.4,283.6,-6.492,-5.139
"2026-03-20 03:21:00",3446,13.46,-6.412,-6.533,88.3,91.8,0,0,0,0,310.2,989.7286,0.445,0.119,287.4,283.7,-6.491,-5.129
"2026-03-20 03:22:00",3447,13.46,-6.408,-6.531,88.3,91.8,0,0,0,0,310.2,989.7058,0.464,0.1,287.4,283.6,-6.492,-5.121
"2026-03-20 03:23:00",3448,13.45,-6.396,-6.527,88.3,91.8,0,0,0,0,310.2,989.6918,0.431,0.105,287.4,283.6,-6.492,-5.111
"2026-03-20 03:24:00",3449,13.45,-6.389,-6.52,88.3,91.8,0,0,0,0,310.2,989.6707,0.445,0.053,287.4,283.5,-6.494,-5.109
"2026-03-20 03:25:00",3450,13.46,-6.379,-6.512,88.3,91.8,0,0,0,0,310.2,989.6591,0.436,0.105,287.6,283.5,-6.487,-5.103
"2026-03-20 03:26:00",3451,13.45,-6.369,-6.504,88.3,91.8,0,0,0,0,310.2,989.6342,0.483,0.144,287.7,283.5,-6.487,-5.094
"2026-03-20 03:27:00",3452,13.45,-6.362,-6.495,88.3,91.8,0,0,0,0,310.2,989.6057,0.488,0.144,287.6,283.5,-6.486,-5.091
"2026-03-20 03:28:00",3453,13.46,-6.357,-6.48,88.3,91.8,0,0,0,0,310.2,989.5908,0.503,0.12,287.5,283.5,-6.492,-5.089
"2026-03-20 03:29:00",3454,13.46,-6.344,-6.469,88.3,91.8,0,0,0,0,310.2,989.5525,0.564,0.058,287.5,283.5,-6.491,-5.086
"2026-03-20 03:30:00",3455,13.45,-6.339,-6.457,88.3,91.9,0,0,0,0,310.2,989.5332,0.574,0.014,287.5,283.6,-6.492,-5.08
"2026-03-20 03:31:00",3456,13.45,-6.328,-6.435,88.3,91.9,0,0,0,0,310.2,989.5135,0.569,0.019,287.5,283.6,-6.492,-5.079
"2026-03-20 03:32:00",3457,13.45,-6.317,-6.417,88.3,91.9,0,0,0,0,310.2,989.4963,0.555,0.119,287.6,283.6,-6.483,-5.074
"2026-03-20 03:33:00",3458,13.45,-6.307,-6.395,88.4,91.9,0,0,0,0,310.2,989.4667,0.56,0.163,287.6,283.7,-6.47,-5.068
"2026-03-20 03:34:00",3459,13.46,-6.291,-6.383,88.4,91.9,0,0,0,0,310.2,989.4373,0.574,0.239,287.7,283.8,-6.458,-5.071
"2026-03-20 03:35:00",3460,13.46,-6.284,-6.378,88.4,91.9,0,0,0,0,310.2,989.4188,0.574,0.278,287.7,283.9,-6.449,-5.072
"2026-03-20 03:36:00",3461,13.46,-6.283,-6.373,88.4,91.9,0,0,0,0,310.2,989.3918,0.574,0.282,287.7,283.9,-6.441,-5.071
"2026-03-20 03:37:00",3462,13.45,-6.286,-6.363,88.4,91.9,0,0,0,0,310.2,989.3548,0.574,0.273,287.7,284,-6.432,-5.072
"2026-03-20 03:38:00",3463,13.45,-6.272,-6.347,88.5,91.9,0,0,0,0,310.2,989.3198,0.574,0.287,287.8,284.1,-6.432,-5.069
"2026-03-20 03:39:00",3464,13.45,-6.256,-6.335,88.5,91.9,0,0,0,0,310.2,989.2927,0.574,0.287,287.8,284.1,-6.428,-5.07
"2026-03-20 03:40:00",3465,13.45,-6.253,-6.336,88.5,91.7,0,0,0,0,310.2,989.2777,0.574,0.287,287.8,284.1,-6.417,-5.07
"2026-03-20 03:41:00",3466,13.45,-6.262,-6.361,88.5,91.6,0,0,0,0,310.2,989.2541,0.574,0.287,287.8,284.1,-6.415,-5.071
"2026-03-20 03:42:00",3467,13.45,-6.277,-6.383,88.4,91.5,0,0,0,0,310.3,989.2383,0.579,0.282,287.8,284.2,-6.412,-5.069
"2026-03-20 03:43:00",3468,13.45,-6.293,-6.406,88.4,91.4,0,0,0,0,310.4,989.2298,0.574,0.282,287.8,284.1,-6.415,-5.07
"2026-03-20 03:44:00",3469,13.46,-6.305,-6.423,88.3,91.3,0,0,0,0,310.6,989.2128,0.574,0.268,287.8,284.1,-6.406,-5.075
"2026-03-20 03:45:00",3470,13.46,-6.315,-6.437,88.3,91.2,0,0,0,0,310.7,989.1902,0.574,0.245,287.8,284.1,-6.406,-5.076
"2026-03-20 03:46:00",3471,13.46,-6.318,-6.441,88.3,91.1,0,0.279,0,0.686,21.65,989.1791,0.579,0.186,287.7,284.1,-6.407,-5.08
"2026-03-20 03:47:00",3472,13.46,-6.318,-6.444,88.3,91.1,0,0.309,0,0.588,21.67,989.166,0.579,0.192,287.8,284.2,-6.402,-5.078
"2026-03-20 03:48:00",3473,13.46,-6.315,-6.424,88.2,91.1,0,0.002,0,0.098,21.67,989.1551,0.589,0.248,287.8,284.2,-6.399,-5.076
"2026-03-20 03:49:00",3474,13.53,-6.311,-6.385,88.2,91.2,0,0,0,0,21.67,989.149,0.622,0.287,287.8,284.2,-6.397,-5.076
"2026-03-20 03:50:00",3475,13.53,-6.294,-6.332,88.2,91.3,0,0,0,0,21.67,989.1323,0.717,0.287,287.8,284.2,-6.399,-5.075
"2026-03-20 03:51:00",3476,13.52,-6.263,-6.281,88.3,91.4,0,0,0,0,21.66,989.1035,0.785,0.287,287.8,284.3,-6.403,-5.07
"2026-03-20 03:52:00",3477,13.52,-6.216,-6.23,88.3,91.5,0,0,0,0,21.64,989.0861,0.852,0.287,287.8,284.2,-6.405,-5.069
"2026-03-20 03:53:00",3478,13.52,-6.173,-6.182,88.3,91.5,0,0,0,0,21.63,989.0569,0.861,0.315,287.8,284.2,-6.399,-5.064
"2026-03-20 03:54:00",3479,13.52,-6.141,-6.141,88.4,91.4,0,0,0,0,21.63,989.0329,0.861,0.331,287.8,284.2,-6.388,-5.058
"2026-03-20 03:55:00",3480,13.53,-6.109,-6.104,88.4,91.4,0,0,0,0,21.63,989.0274,0.856,0.316,287.7,284.2,-6.395,-5.058
"2026-03-20 03:56:00",3481,13.52,-6.098,-6.076,88.3,91.4,0,0,0,0,21.54,989.0243,0.861,0.307,287.6,284.1,-6.402,-5.058
"2026-03-20 03:57:00",3482,13.52,-6.142,-6.108,88.3,91.3,0,0,0,0,267.1,989.0045,0.809,0.339,287.5,284,-6.405,-5.061
"2026-03-20 03:58:00",3483,13.52,-6.206,-6.184,88.2,91,0.018,0.078,0.36,1.078,234.9,988.9871,0.757,0.368,287.5,284,-6.403,-5.062
"2026-03-20 03:59:00",3484,13.52,-6.261,-6.272,88.1,90.8,0.443,1.018,0.927,1.274,234.6,988.9593,0.78,0.34,287.5,283.8,-6.402,-5.065
"2026-03-20 04:00:00",3485,13.52,-6.32,-6.327,88,90.7,0.074,0.099,0.772,0.686,234.6,988.9427,0.728,0.306,287.4,284,-6.403,-5.071
"2026-03-20 04:01:00",3486,13.52,-6.339,-6.364,88,90.7,0,0,0,0,234.7,988.9296,0.655,0.287,287.4,283.9,-6.414,-5.081
"2026-03-20 04:02:00",3487,13.52,-6.34,-6.374,88,90.8,0,0.075,0.051,0.686,223.7,988.923,0.751,0.345,287.4,283.9,-6.408,-5.084
"2026-03-20 04:03:00",3488,13.53,-6.354,-6.41,88,90.8,0.055,1.087,0.618,1.568,223.2,988.9109,0.852,0.549,287.4,283.7,-6.417,-5.087
"2026-03-20 04:04:00",3489,13.52,-6.373,-6.426,88.1,90.9,0.86,1.379,1.236,1.568,223.4,988.8785,0.823,0.531,287.4,283.7,-6.415,-5.09
"2026-03-20 04:05:00",3490,13.52,-6.374,-6.429,88.2,91.1,0.225,1.074,0.463,1.372,246.1,988.8397,0.814,0.574,287.4,283.8,-6.407,-5.1
"2026-03-20 04:06:00",3491,13.52,-6.362,-6.412,88.2,91.2,0,0.632,0,0.98,254.6,988.7939,0.861,0.584,287.4,284,-6.4,-5.103
"2026-03-20 04:07:00",3492,13.52,-6.34,-6.39,88.3,91.3,0,0.514,0,0.784,257.8,988.7661,0.861,0.665,287.4,284,-6.404,-5.111
"2026-03-20 04:08:00",3493,13.52,-6.336,-6.39,88.4,91.3,0,0.876,0,1.078,257.6,988.7889,0.861,0.751,287.4,283.8,-6.406,-5.115
"2026-03-20 04:09:00",3494,13.52,-6.337,-6.393,88.4,91.3,0,0.418,0,0.686,255.3,988.7944,0.876,0.785,287.3,283.7,-6.405,-5.116
"2026-03-20 04:10:00",3495,13.52,-6.343,-6.382,88.4,91.4,0,0.338,0,0.588,243.7,988.8011,0.914,0.775,287.3,283.7,-6.403,-5.123
"2026-03-20 04:11:00",3496,13.52,-6.35,-6.383,88.4,91.4,0,0.053,0,0.49,243.7,988.8035,0.98,0.813,287.3,283.6,-6.401,-5.123
"2026-03-20 04:12:00",3497,13.52,-6.35,-6.402,88.5,91.4,0,0,0,0,243.7,988.7977,1.143,0.861,287.3,283.7,-6.4,-5.121
"2026-03-20 04:13:00",3498,13.52,-6.347,-6.411,88.4,91.3,0,0,0,0,243.7,988.7935,1.139,0.861,287.3,283.7,-6.404,-5.117
"2026-03-20 04:14:00",3499,13.52,-6.341,-6.411,88.4,91.4,0,0,0,0,243.7,988.7879,1.148,0.861,287.3,283.8,-6.405,-5.114
"2026-03-20 04:15:00",3500,13.52,-6.329,-6.397,88.4,91.3,0,0,0,0,243.7,988.7819,1.172,0.947,287.4,283.8,-6.406,-5.107
"2026-03-20 04:16:00",3501,13.52,-6.324,-6.397,88.4,91.3,0,0,0,0,243.7,988.7709,1.273,1.143,287.4,283.8,-6.404,-5.107
"2026-03-20 04:17:00",3502,13.52,-6.323,-6.391,88.5,91.3,0,0,0,0,243.8,988.778,1.354,1.186,287.4,283.7,-6.407,-5.097
"2026-03-20 04:18:00",3503,13.52,-6.319,-6.396,88.5,91.3,0,0,0,0,243.8,988.765,1.445,1.377,287.4,283.8,-6.406,-5.093
"2026-03-20 04:19:00",3504,13.52,-6.321,-6.4,88.5,91.3,0,0,0,0,243.8,988.7537,1.583,1.469,287.4,283.9,-6.402,-5.09
"2026-03-20 04:20:00",3505,13.52,-6.316,-6.395,88.4,91.4,0,0,0,0,243.8,988.7322,1.708,1.712,287.5,283.9,-6.403,-5.089
"2026-03-20 04:21:00",3506,13.52,-6.315,-6.369,88.5,91.5,0,0,0,0,243.8,988.7073,1.832,1.909,287.5,284,-6.402,-5.087
"2026-03-20 04:22:00",3507,13.52,-6.305,-6.323,88.5,91.6,0,0,0,0,243.9,988.6916,2,2.1,287.6,284,-6.401,-5.089
"2026-03-20 04:23:00",3508,13.52,-6.294,-6.272,88.5,91.6,0,0,0,0,243.9,988.6844,2.115,2.311,287.6,284,-6.402,-5.085
"2026-03-20 04:24:00",3509,13.46,-6.292,-6.241,88.5,91.5,0,0,0,0,243.9,988.6893,2.282,2.54,287.6,283.9,-6.398,-5.086
"2026-03-20 04:25:00",3510,13.52,-6.301,-6.232,88.5,91.5,0,0,0,0,243.7,988.685,2.392,2.679,287.6,283.9,-6.392,-5.08
"2026-03-20 04:26:00",3511,13.46,-6.303,-6.197,88.5,91.4,0,0,0,0,243.7,988.6813,2.575,2.876,287.6,283.8,-6.386,-5.075
"2026-03-20 04:27:00",3512,13.46,-6.3,-6.201,88.5,91.2,0,0,0,0,243.7,988.6611,2.689,3.096,287.6,283.9,-6.374,-5.07
"2026-03-20 04:28:00",3513,13.52,-6.294,-6.209,88.6,91.1,0,0.007,0,0.098,9.91,988.6265,2.803,3.234,287.7,283.9,-6.369,-5.065
"2026-03-20 04:29:00",3514,13.46,-6.286,-6.226,88.6,91.1,0,0.488,0,0.686,9.95,988.5804,2.976,3.427,287.7,284,-6.362,-5.062
"2026-03-20 04:30:00",3515,13.52,-6.254,-6.221,88.7,91.3,0,0.701,0,0.882,9.93,988.5366,3.019,3.541,287.8,284.1,-6.353,-5.056
"2026-03-20 04:31:00",3516,13.52,-6.205,-6.19,88.8,91.3,0,0.858,0,0.98,9.89,988.4991,3.091,3.67,287.9,284.2,-6.336,-5.054
"2026-03-20 04:32:00",3517,13.46,-6.172,-6.167,88.8,91.3,0,0.665,0,0.784,9.89,988.4882,3.263,3.818,288,284.2,-6.326,-5.055
"2026-03-20 04:33:00",3518,13.52,-6.172,-6.164,88.8,91.2,0,0.47,0,0.588,9.91,988.491,3.302,3.9,287.9,284.2,-6.321,-5.054
"2026-03-20 04:34:00",3519,13.46,-6.18,-6.178,88.7,91.1,0,0.048,0,0.392,9.92,988.4844,3.302,3.824,287.9,284.1,-6.314,-5.05
"2026-03-20 04:35:00",3520,13.46,-6.185,-6.185,88.7,91,0,0.449,0,0.686,17.34,988.4855,3.307,3.757,287.9,284.1,-6.308,-5.051
"2026-03-20 04:36:00",3521,13.46,-6.191,-6.202,88.6,90.8,0,0.57,0,0.686,23.83,988.4836,3.302,3.742,288,284.1,-6.294,-5.048
"2026-03-20 04:37:00",3522,13.46,-6.193,-6.217,88.6,90.6,0,0.614,0,0.686,23.84,988.4741,3.301,3.733,288,284.1,-6.296,-5.05
"2026-03-20 04:38:00",3523,13.46,-6.197,-6.239,88.5,90.3,0,0.553,0,0.686,23.9,988.4875,3.293,3.733,287.9,284.1,-6.295,-5.05
"2026-03-20 04:39:00",3524,13.45,-6.2,-6.265,88.5,90.2,0,0.393,0,0.588,24.09,988.4916,3.298,3.69,287.9,284,-6.292,-5.052
"2026-03-20 04:40:00",3525,13.46,-6.209,-6.286,88.4,90,0,0.032,0,0.392,24.12,988.4938,3.283,3.604,287.8,284,-6.284,-5.054
"2026-03-20 04:41:00",3526,13.46,-6.217,-6.296,88.3,89.9,0,0,0,0,24.12,988.4916,3.321,3.575,287.8,284,-6.282,-5.049
"2026-03-20 04:42:00",3527,13.46,-6.212,-6.297,88.3,89.8,0,0,0,0,24.12,988.4594,3.33,3.532,287.8,284.1,-6.278,-5.042
"2026-03-20 04:43:00",3528,13.52,-6.196,-6.272,88.2,89.8,0,0,0,0,24.12,988.4126,3.417,3.545,287.8,284.1,-6.282,-5.039
"2026-03-20 04:44:00",3529,13.46,-6.175,-6.251,88.2,89.8,0,0.267,0,0.686,24.05,988.3613,3.445,3.632,287.9,284.2,-6.267,-5.036
"2026-03-20 04:45:00",3530,13.46,-6.159,-6.236,88.1,89.9,0,0.781,0,1.078,23.99,988.3062,3.445,3.699,288,284.3,-6.26,-5.036
"2026-03-20 04:46:00",3531,13.46,-6.152,-6.221,88,89.9,0,1.081,0,1.176,23.96,988.2747,3.445,3.623,288,284.3,-6.264,-5.036
"2026-03-20 04:47:00",3532,13.46,-6.149,-6.213,87.9,89.9,0,1.193,0,1.372,23.94,988.2548,3.445,3.632,288,284.3,-6.258,-5.039
"2026-03-20 04:48:00",3533,13.46,-6.157,-6.225,87.7,89.8,0,1.324,0,1.47,24.17,988.2361,3.445,3.537,288,284.2,-6.257,-5.042
"2026-03-20 04:49:00",3534,13.52,-6.173,-6.243,87.6,89.8,0,1.396,0,1.47,30.62,988.2046,3.445,3.445,288,284.2,-6.258,-5.046
"2026-03-20 04:50:00",3535,13.46,-6.184,-6.261,87.5,89.7,0,1.243,0,1.372,31.99,988.1857,3.445,3.445,288,284.2,-6.253,-5.05
"2026-03-20 04:51:00",3536,13.46,-6.192,-6.28,87.4,89.7,0,1.155,0,1.274,32.44,988.158,3.445,3.445,287.9,284.2,-6.253,-5.052
"2026-03-20 04:52:00",3537,13.46,-6.202,-6.295,87.4,89.7,0,1.113,0,1.274,32.35,988.1298,3.445,3.445,287.9,284.1,-6.255,-5.059
"2026-03-20 04:53:00",3538,13.45,-6.209,-6.307,87.3,89.8,0,0.813,0,1.176,32.35,988.1013,3.445,3.445,287.9,284.1,-6.254,-5.061
"2026-03-20 04:54:00",3539,13.46,-6.211,-6.316,87.3,89.9,0,0.823,0,0.98,32.35,988.0795,3.445,3.445,287.9,284.1,-6.255,-5.063
"2026-03-20 04:55:00",3540,13.46,-6.215,-6.324,87.3,90,0,0.869,0,1.078,32.45,988.0599,3.445,3.46,287.9,284.1,-6.256,-5.061
"2026-03-20 04:56:00",3541,13.46,-6.217,-6.335,87.3,90.1,0,1.093,0,1.372,34.22,988.0408,3.445,3.55,287.9,284.1,-6.255,-5.066
"2026-03-20 04:57:00",3542,13.45,-6.22,-6.338,87.3,90.2,0,1.174,0,1.372,35.18,988.0153,3.474,3.709,288,284.2,-6.246,-5.068
"2026-03-20 04:58:00",3543,13.45,-6.227,-6.346,87.3,90.3,0,1.364,0,1.47,35.08,987.9785,3.583,3.733,288,284.2,-6.248,-5.071
"2026-03-20 04:59:00",3544,13.45,-6.23,-6.349,87.3,90.3,0,1.409,0,1.568,34.85,987.9507,3.713,3.747,288,284.2,-6.244,-5.072
"2026-03-20 05:00:00",3545,13.46,-6.237,-6.357,87.3,90.4,0,1.411,0,1.568,35.01,987.941,3.728,3.881,288,284.2,-6.243,-5.076
"2026-03-20 05:01:00",3546,13.46,-6.24,-6.364,87.3,90.5,0,1.332,0,1.47,35.03,987.9497,3.733,3.976,288,284.1,-6.243,-5.08
"2026-03-20 05:02:00",3547,13.45,-6.247,-6.37,87.4,90.5,0,1.201,0,1.47,34.97,987.9615,3.832,4.043,287.9,284,-6.243,-5.081
"2026-03-20 05:03:00",3548,13.46,-6.251,-6.379,87.4,90.6,0,0.917,0,1.274,34.5,987.9728,3.991,4.192,287.9,283.9,-6.241,-5.086
"2026-03-20 05:04:00",3549,13.46,-6.254,-6.382,87.4,90.7,0,0.879,0,1.176,34.54,987.978,4.02,4.287,287.9,283.9,-6.249,-5.088
"2026-03-20 05:05:00",3550,13.46,-6.261,-6.396,87.4,90.8,0,0.716,0,1.176,34.59,987.9763,4.029,4.34,287.8,283.9,-6.252,-5.09
"2026-03-20 05:06:00",3551,13.46,-6.266,-6.399,87.5,90.8,0,0.847,0,1.176,35.07,987.9636,4.239,4.536,287.8,284,-6.256,-5.088
"2026-03-20 05:07:00",3552,13.45,-6.273,-6.409,87.5,90.9,0,1.196,0,1.372,34.75,987.9354,4.307,4.632,287.8,283.9,-6.262,-5.089
"2026-03-20 05:08:00",3553,13.46,-6.282,-6.411,87.5,91,0,1.254,0,1.47,33.24,987.9081,4.402,4.756,287.8,283.9,-6.264,-5.089
"2026-03-20 05:09:00",3554,13.46,-6.285,-6.414,87.5,91,0,1.451,0,1.666,26.3,987.8757,4.484,4.885,287.8,284,-6.264,-5.091
"2026-03-20 05:10:00",3555,13.45,-6.282,-6.411,87.6,91.1,0.109,1.349,0.463,1.568,26.32,987.8533,4.594,5.006,287.9,284,-6.257,-5.093
"2026-03-20 05:11:00",3556,13.46,-6.28,-6.409,87.6,91,0.294,1.26,0.463,1.47,26.38,987.8298,4.603,5.039,287.9,284.1,-6.253,-5.095
"2026-03-20 05:12:00",3557,13.46,-6.282,-6.406,87.6,91,0.112,1.387,0.721,1.568,26.25,987.803,4.704,5.058,287.9,284,-6.253,-5.095
"2026-03-20 05:13:00",3558,13.46,-6.283,-6.411,87.6,91,0.91,1.658,1.236,1.96,25.64,987.7697,4.752,5.159,287.9,284.1,-6.249,-5.094
"2026-03-20 05:14:00",3559,13.45,-6.29,-6.412,87.6,91.1,0.774,1.705,1.338,2.156,18.6,987.7271,4.867,5.302,287.9,284.1,-6.251,-5.097
"2026-03-20 05:15:00",3560,13.45,-6.299,-6.423,87.6,91.1,1.207,1.984,1.596,2.156,17.8,987.6984,4.957,5.513,287.9,284.1,-6.259,-5.098
"2026-03-20 05:16:00",3561,13.45,-6.315,-6.437,87.6,91.1,1.063,1.859,1.544,2.156,17.5,987.6549,5.144,5.756,287.9,284.1,-6.263,-5.101
"2026-03-20 05:17:00",3562,13.46,-6.337,-6.454,87.6,91.1,0.691,1.832,1.39,2.156,14.24,987.6273,5.331,5.962,287.9,284,-6.266,-5.101
"2026-03-20 05:18:00",3563,13.45,-6.351,-6.47,87.6,91.2,0.256,1.588,0.463,1.862,14.35,987.616,5.507,6.23,287.9,284,-6.265,-5.103
"2026-03-20 05:19:00",3564,13.45,-6.362,-6.477,87.7,91.2,0.182,1.361,0.515,1.568,14.71,987.6121,5.742,6.531,287.8,284,-6.266,-5.107
"2026-03-20 05:20:00",3565,13.46,-6.369,-6.487,87.7,91.2,0.229,1.363,0.515,1.666,15.08,987.588,5.948,6.814,287.8,283.9,-6.268,-5.105
"2026-03-20 05:21:00",3566,13.45,-6.375,-6.499,87.7,91.2,0.037,1.13,0.36,1.372,16.51,987.5904,6.177,7.058,287.8,283.8,-6.268,-5.107
"2026-03-20 05:22:00",3567,13.46,-6.382,-6.51,87.7,91.2,0.019,1.063,0.309,1.372,16.53,987.5755,6.388,7.321,287.8,283.8,-6.269,-5.109
"2026-03-20 05:23:00",3568,13.45,-6.387,-6.516,87.7,91.2,0,0.86,0,1.176,16.61,987.5566,6.489,7.546,287.7,283.7,-6.278,-5.111
"2026-03-20 05:24:00",3569,13.45,-6.396,-6.526,87.7,91.2,0,0.955,0,1.274,16.64,987.5397,6.66,7.656,287.7,283.7,-6.279,-5.112
"2026-03-20 05:25:00",3570,13.46,-6.403,-6.535,87.7,91.2,0,0.991,0,1.274,16.64,987.5124,6.757,7.872,287.7,283.7,-6.284,-5.114
"2026-03-20 05:26:00",3571,13.46,-6.41,-6.545,87.7,91.3,0,1.166,0,1.372,16.57,987.4882,6.891,7.915,287.7,283.7,-6.286,-5.115
"2026-03-20 05:27:00",3572,13.46,-6.415,-6.549,87.7,91.3,0,1.287,0,1.47,16.42,987.4597,6.949,8.1,287.7,283.7,-6.288,-5.116
"2026-03-20 05:28:00",3573,13.46,-6.419,-6.55,87.8,91.4,0,1.389,0,1.666,16.37,987.4477,7.096,8.21,287.6,283.6,-6.291,-5.118
"2026-03-20 05:29:00",3574,13.45,-6.424,-6.556,87.8,91.4,0,1.448,0,1.666,16.45,987.4222,7.169,8.34,287.7,283.6,-6.292,-5.116
"2026-03-20 05:30:00",3575,13.46,-6.425,-6.559,87.8,91.4,0,1.325,0,1.47,16.54,987.4026,7.178,8.35,287.7,283.6,-6.293,-5.118
"2026-03-20 05:31:00",3576,13.45,-6.43,-6.557,87.8,91.5,0,1.324,0,1.568,16.58,987.3768,7.168,8.26,287.7,283.6,-6.293,-5.12
"2026-03-20 05:32:00",3577,13.45,-6.433,-6.557,87.9,91.5,0.32,1.603,1.287,1.764,16.6,987.3474,7.012,8.07,287.7,283.6,-6.296,-5.125
"2026-03-20 05:33:00",3578,13.45,-6.434,-6.558,87.9,91.5,1.069,1.836,1.338,2.156,16.61,987.2966,6.892,8.02,287.7,283.5,-6.294,-5.128
"2026-03-20 05:34:00",3579,13.45,-6.44,-6.562,87.9,91.6,1.311,2.069,1.699,2.352,15.76,987.2615,6.891,7.954,287.7,283.5,-6.297,-5.131
"2026-03-20 05:35:00",3580,13.46,-6.443,-6.57,87.9,91.6,1.45,2.3,1.75,2.548,13.8,987.2206,6.891,7.882,287.7,283.5,-6.303,-5.135
"2026-03-20 05:36:00",3581,13.45,-6.453,-6.58,88,91.6,1.505,2.33,1.853,2.548,12.47,987.1922,6.891,7.762,287.7,283.5,-6.309,-5.14
"2026-03-20 05:37:00",3582,13.46,-6.468,-6.591,88,91.6,1.356,2.141,1.699,2.352,11.21,987.1778,6.877,7.752,287.7,283.5,-6.311,-5.14
"2026-03-20 05:38:00",3583,13.46,-6.474,-6.603,88,91.7,1.151,1.892,1.441,2.156,9.39,987.1714,6.767,7.672,287.6,283.6,-6.314,-5.145
"2026-03-20 05:39:00",3584,13.46,-6.477,-6.605,88,91.7,0.522,1.684,1.03,1.96,9.25,987.1658,6.738,7.614,287.6,283.6,-6.319,-5.151
"2026-03-20 05:40:00",3585,13.46,-6.476,-6.604,88.1,91.7,0.812,1.735,1.081,1.96,7.224,987.1484,6.818,7.68,287.6,283.6,-6.319,-5.155
"2026-03-20 05:41:00",3586,13.46,-6.477,-6.606,88.1,91.8,0.769,1.629,1.184,1.862,7.2,987.1119,6.886,7.8,287.6,283.6,-6.321,-5.158
"2026-03-20 05:42:00",3587,13.45,-6.48,-6.612,88.1,91.8,0.81,1.708,1.184,1.96,6.869,987.0663,7.019,7.934,287.6,283.7,-6.319,-5.159
"2026-03-20 05:43:00",3588,13.45,-6.487,-6.617,88.1,91.7,0.949,1.636,1.184,1.862,5.035,987.0155,7.149,8.15,287.6,283.8,-6.321,-5.163
"2026-03-20 05:44:00",3589,13.46,-6.491,-6.619,88.1,91.7,0.653,1.542,0.875,1.862,4.396,986.9697,7.288,8.27,287.6,283.8,-6.326,-5.165
"2026-03-20 05:45:00",3590,13.46,-6.493,-6.625,88.1,91.7,0.593,1.346,0.927,1.568,4.106,986.9571,7.417,8.47,287.6,283.8,-6.326,-5.166
"2026-03-20 05:46:00",3591,13.45,-6.489,-6.622,88.1,91.7,0.739,1.595,1.081,1.862,3.26,986.924,7.579,8.68,287.6,283.8,-6.328,-5.163
"2026-03-20 05:47:00",3592,13.46,-6.485,-6.616,88.1,91.7,0.651,1.563,0.927,1.862,11.58,986.9092,7.775,8.92,287.6,283.8,-6.319,-5.164
"2026-03-20 05:48:00",3593,13.46,-6.484,-6.613,88.1,91.7,0.529,1.474,0.875,1.764,11.69,986.8969,8.02,9.18,287.6,283.7,-6.324,-5.163
"2026-03-20 05:49:00",3594,13.46,-6.483,-6.615,88.1,91.7,0.689,1.631,0.978,1.862,13.34,986.877,8.2,9.45,287.6,283.7,-6.326,-5.164
"2026-03-20 05:50:00",3595,13.46,-6.482,-6.615,88.1,91.7,0.515,1.399,0.824,1.764,11.44,986.853,8.46,9.77,287.6,283.6,-6.326,-5.165
"2026-03-20 05:51:00",3596,13.46,-6.481,-6.611,88.1,91.7,0.43,1.308,0.618,1.568,11.3,986.8326,8.73,10.11,287.5,283.5,-6.332,-5.164
"2026-03-20 05:52:00",3597,13.46,-6.483,-6.612,88.1,91.7,0.09,1.049,0.412,1.372,11.35,986.7978,9,10.48,287.5,283.4,-6.328,-5.166
"2026-03-20 05:53:00",3598,13.45,-6.474,-6.606,88,91.7,0.002,0.928,0.154,1.078,11.24,986.7833,9.28,10.83,287.5,283.3,-6.319,-5.165
"2026-03-20 05:54:00",3599,13.45,-6.471,-6.599,88,91.7,0,0.956,0,1.176,6.39,986.7582,9.58,11.23,287.5,283.3,-6.319,-5.162
"2026-03-20 05:55:00",3600,13.45,-6.47,-6.603,88,91.6,0.004,1.016,0.154,1.274,6.313,986.7352,9.91,11.6,287.4,283.2,-6.317,-5.159
"2026-03-20 05:56:00",3601,13.45,-6.471,-6.606,88,91.6,0,1.121,0,1.274,6.301,986.726,10.18,11.98,287.4,283.1,-6.313,-5.155
"2026-03-20 05:57:00",3602,13.45,-6.473,-6.605,88,91.6,0,1.057,0,1.274,6.301,986.7224,10.45,12.35,287.4,283.1,-6.312,-5.149
"2026-03-20 05:58:00",3603,13.45,-6.476,-6.608,88,91.6,0,1.013,0,1.176,6.236,986.7077,10.75,12.7,287.4,283,-6.309,-5.145
"2026-03-20 05:59:00",3604,13.46,-6.469,-6.607,88,91.6,0.009,0.989,0.154,1.078,6.094,986.7019,11.04,13.12,287.4,283,-6.303,-5.146
"2026-03-20 06:00:00",3605,13.46,-6.469,-6.6,88,91.6,0.009,0.933,0.103,1.078,6.082,986.675,11.36,13.49,287.4,283,-6.3,-5.142
"2026-03-20 06:01:00",3606,13.46,-6.471,-6.599,88,91.6,0,0.871,0,1.078,4.787,986.6517,11.65,13.92,287.4,283,-6.298,-5.138
"2026-03-20 06:02:00",3607,13.45,-6.469,-6.601,88,91.6,0,0.726,0,0.98,4.769,986.6254,11.95,14.3,287.4,282.9,-6.301,-5.136
"2026-03-20 06:03:00",3608,13.46,-6.472,-6.603,88,91.5,0,0.74,0,0.98,4.751,986.5904,12.14,14.6,287.4,282.9,-6.298,-5.134
"2026-03-20 06:04:00",3609,13.46,-6.48,-6.613,88,91.5,0,1.122,0,1.274,4.674,986.5687,12.4,14.84,287.3,282.8,-6.303,-5.136
"2026-03-20 06:05:00",3610,13.45,-6.494,-6.616,87.9,91.5,0,1.311,0,1.47,4.751,986.5293,12.59,14.97,287.3,282.8,-6.307,-5.131
"2026-03-20 06:06:00",3611,13.46,-6.507,-6.607,88,91.6,0,1.445,0,1.666,4.828,986.4951,12.69,15.18,287.3,282.8,-6.306,-5.132
"2026-03-20 06:07:00",3612,13.46,-6.505,-6.595,88,91.4,0,1.517,0,1.666,4.846,986.4572,12.92,15.41,287.3,282.7,-6.295,-5.131
"2026-03-20 06:08:00",3613,13.45,-6.502,-6.589,87.9,91.4,0,1.424,0,1.568,4.899,986.4275,13.04,15.59,287.3,282.7,-6.292,-5.135
"2026-03-20 06:09:00",3614,13.46,-6.497,-6.583,87.9,91.3,0,1.219,0,1.47,4.982,986.394,13.21,15.76,287.3,282.8,-6.29,-5.135
"2026-03-20 06:10:00",3615,13.52,-6.494,-6.584,87.9,91.3,0,1.075,0,1.176,4.94,986.3601,13.39,16,287.3,282.9,-6.289,-5.137
"2026-03-20 06:11:00",3616,13.46,-6.49,-6.583,87.9,91.3,0,0.954,0,1.078,4.934,986.3318,13.61,16.29,287.4,283,-6.287,-5.136
"2026-03-20 06:12:00",3617,13.52,-6.484,-6.578,87.9,91.3,0,0.911,0,0.98,4.952,986.3051,13.82,16.63,287.4,283,-6.28,-5.138
"2026-03-20 06:13:00",3618,13.51,-6.475,-6.57,87.9,91.3,0,0.901,0,0.98,4.97,986.2818,14.12,16.96,287.4,283,-6.27,-5.135
"2026-03-20 06:14:00",3619,13.52,-6.467,-6.565,87.9,91.3,0,0.742,0,0.98,5.041,986.2647,14.37,17.31,287.4,282.9,-6.272,-5.133
"2026-03-20 06:15:00",3620,13.52,-6.461,-6.559,87.9,91.3,0,0.48,0,0.686,5.059,986.2537,14.64,17.67,287.4,282.8,-6.271,-5.128
"2026-03-20 06:16:00",3621,13.52,-6.45,-6.559,87.9,91.3,0,0.181,0,0.392,5.011,986.2253,14.8,17.98,287.4,282.7,-6.261,-5.127
"2026-03-20 06:17:00",3622,13.46,-6.437,-6.552,87.9,91.4,0,0,0,0,4.804,986.205,14.98,18.29,287.3,282.6,-6.26,-5.12
"2026-03-20 06:18:00",3623,13.52,-6.434,-6.559,87.9,91.4,0,0,0,0,4.71,986.1848,15.19,18.51,287.3,282.5,-6.259,-5.111
"2026-03-20 06:19:00",3624,13.46,-6.439,-6.562,87.9,91.4,0,0,0,0,4.721,986.1678,15.22,18.63,287.2,282.8,-6.259,-5.107
"2026-03-20 06:20:00",3625,13.46,-6.427,-6.541,87.9,91.5,0,0.173,0,0.882,324.2,986.1588,15.41,18.8,287.3,283,-6.254,-5.103
"2026-03-20 06:21:00",3626,13.46,-6.407,-6.511,88,91.6,0,0.75,0,1.078,312.7,986.1592,15.67,19.15,287.4,283.1,-6.236,-5.104
"2026-03-20 06:22:00",3627,13.46,-6.391,-6.496,88,91.6,0,0.883,0,1.176,301.9,986.158,16.02,19.61,287.4,283.1,-6.227,-5.099
"2026-03-20 06:23:00",3628,13.52,-6.392,-6.503,88,91.5,0,0.823,0,1.176,302,986.1389,16.31,19.95,287.4,283.2,-6.229,-5.097
"2026-03-20 06:24:00",3629,13.46,-6.387,-6.44,88,91.7,0,1.08,0,1.372,302.2,986.119,16.58,20.31,287.5,283.4,-6.219,-5.095
"2026-03-20 06:25:00",3630,13.46,-6.355,-6.346,88,91.9,0,1.037,0,1.274,302.1,986.1069,16.95,20.83,287.5,283.5,-6.205,-5.093
"2026-03-20 06:26:00",3631,13.46,-6.308,-6.289,88.1,91.8,0.064,1.4,1.03,1.764,286.2,986.0938,17.5,21.52,287.6,283.5,-6.185,-5.087
"2026-03-20 06:27:00",3632,13.46,-6.275,-6.263,88.1,91.6,0.648,1.399,1.133,1.862,271.6,986.0786,18.01,22.21,287.6,283.4,-6.176,-5.086
"2026-03-20 06:28:00",3633,13.46,-6.249,-6.268,88.1,91.4,0.838,1.596,1.699,1.96,270.1,986.0629,18.57,22.93,287.7,283.4,-6.16,-5.084
"2026-03-20 06:29:00",3634,13.46,-6.233,-6.278,88,91.2,0.9,1.465,1.493,1.862,272.4,986.042,19.2,23.75,287.8,283.4,-6.144,-5.086
"2026-03-20 06:30:00",3635,13.46,-6.245,-6.324,87.9,91,0.875,1.58,1.287,1.96,273,986.0266,19.88,24.6,287.7,283.3,-6.147,-5.091
"2026-03-20 06:31:00",3636,13.46,-6.296,-6.396,87.7,90.9,1.165,1.865,1.544,2.058,271.3,985.9865,20.46,25.37,287.6,283.4,-6.155,-5.088
"2026-03-20 06:32:00",3637,13.46,-6.356,-6.458,87.6,90.9,1.213,1.923,1.647,2.058,271.3,985.9639,21.03,26.12,287.6,283.5,-6.159,-5.097
"2026-03-20 06:33:00",3638,13.46,-6.4,-6.495,87.6,91,1.098,1.861,1.493,2.058,271.8,985.9609,21.5,26.73,287.6,283.6,-6.156,-5.103
"2026-03-20 06:34:00",3639,13.46,-6.419,-6.508,87.6,91.1,1.074,1.856,1.596,2.058,275.6,985.9362,21.95,27.36,287.7,283.6,-6.167,-5.114
"2026-03-20 06:35:00",3640,13.46,-6.436,-6.526,87.7,91.2,1.13,1.871,1.493,1.96,276,985.9144,22.4,27.94,287.7,283.7,-6.166,-5.119
"2026-03-20 06:36:00",3641,13.46,-6.451,-6.533,87.7,91.3,1.239,1.931,1.699,2.156,274.5,985.8929,22.85,28.54,287.6,283.6,-6.174,-5.123
"2026-03-20 06:37:00",3642,13.46,-6.459,-6.549,87.8,91.3,0.99,1.87,1.39,1.96,273.3,985.8872,23.19,29,287.7,283.6,-6.173,-5.128
"2026-03-20 06:38:00",3643,13.45,-6.459,-6.556,87.9,91.4,1.08,1.878,1.544,2.058,267.4,985.8977,23.53,29.42,287.7,283.6,-6.164,-5.134
"2026-03-20 06:39:00",3644,13.46,-6.454,-6.552,87.9,91.6,0.836,1.665,1.287,1.96,264,985.916,23.93,29.91,287.7,283.6,-6.157,-5.137
"2026-03-20 06:40:00",3645,13.46,-6.443,-6.543,88,91.6,0.449,1.269,0.978,1.666,263.5,985.9304,24.32,30.46,287.8,283.6,-6.146,-5.138
"2026-03-20 06:41:00",3646,13.46,-6.431,-6.54,88,91.6,0.354,1.05,0.618,1.176,263.5,985.9174,24.64,30.88,287.7,283.5,-6.141,-5.132
"2026-03-20 06:42:00",3647,13.46,-6.42,-6.541,88,91.6,0.375,1.129,0.566,1.274,263.5,985.8939,24.83,31.1,287.8,283.6,-6.126,-5.128
"2026-03-20 06:43:00",3648,13.46,-6.418,-6.539,88,91.6,0.521,1.247,0.669,1.47,263.5,985.8547,25.02,31.33,287.8,283.6,-6.122,-5.124
"2026-03-20 06:44:00",3649,13.46,-6.419,-6.543,88.1,91.6,0.752,1.525,1.03,1.862,263.5,985.8229,25.11,31.47,287.8,283.7,-6.116,-5.123
"2026-03-20 06:45:00",3650,13.45,-6.427,-6.546,88,91.6,1.045,1.785,1.338,1.96,264,985.7814,25.13,31.58,287.8,283.6,-6.119,-5.125
"2026-03-20 06:46:00",3651,13.46,-6.428,-6.545,88,91.6,1.011,1.658,1.39,1.96,266,985.7562,25.19,31.67,287.8,283.5,-6.118,-5.128
"2026-03-20 06:47:00",3652,13.46,-6.433,-6.546,88,91.6,0.72,1.397,0.978,1.568,266,985.7186,25.37,31.88,287.7,283.2,-6.119,-5.128
"2026-03-20 06:48:00",3653,13.46,-6.433,-6.553,88,91.6,0.624,1.422,0.927,1.568,266,985.6943,25.64,32.28,287.7,282.9,-6.118,-5.129
"2026-03-20 06:49:00",3654,13.46,-6.428,-6.55,88.1,91.7,0.441,1.337,1.03,1.568,267.9,985.6726,25.96,32.71,287.6,282.7,-6.105,-5.126
"2026-03-20 06:50:00",3655,13.46,-6.418,-6.538,88.1,91.7,0.103,0.91,0.36,1.274,267.8,985.6763,26.4,33.29,287.6,282.4,-6.094,-5.118
"2026-03-20 06:51:00",3656,13.46,-6.404,-6.535,88.1,91.8,0,0.289,0,0.784,267.7,985.6713,26.69,33.64,287.5,282.2,-6.08,-5.114
"2026-03-20 06:52:00",3657,13.46,-6.386,-6.517,88.2,91.8,0,0,0,0,267.7,985.6645,26.93,33.93,287.4,282.1,-6.063,-5.106
"2026-03-20 06:53:00",3658,13.45,-6.363,-6.487,88.2,91.8,0,0,0,0,267.7,985.6533,27.15,34.18,287.3,282,-6.037,-5.091
"2026-03-20 06:54:00",3659,13.45,-6.324,-6.451,88.2,91.9,0,0,0,0,267.7,985.6184,27.28,34.21,287.3,282,-6.016,-5.073
"2026-03-20 06:55:00",3660,13.46,-6.274,-6.409,88.2,91.9,0,0,0,0,267.7,985.6052,27.41,34.35,287.4,282.2,-5.996,-5.056
"2026-03-20 06:56:00",3661,13.45,-6.233,-6.375,88.2,91.8,0,0,0,0,267.7,985.613,27.59,34.52,287.4,282.6,-5.974,-5.038
"2026-03-20 06:57:00",3662,13.46,-6.2,-6.348,88.1,91.8,0,0,0,0,267.7,985.5995,27.82,34.81,287.5,283.1,-5.948,-5.025
"2026-03-20 06:58:00",3663,13.46,-6.162,-6.312,88.1,91.8,0,0,0,0,267.7,985.5998,28.08,35.04,287.5,283.3,-5.924,-5.005
"2026-03-20 06:59:00",3664,13.45,-6.137,-6.287,88.1,91.7,0,0,0,0,267.7,985.6035,28.34,35.4,287.6,283.5,-5.895,-4.989
"2026-03-20 07:00:00",3665,13.46,-6.131,-6.272,88,91.6,0,0,0,0,267.7,985.5742,28.66,35.83,287.7,283.5,-5.878,-4.976
"2026-03-20 07:01:00",3666,13.46,-6.126,-6.258,88,91.6,0,0,0,0,267.7,985.5332,28.92,36.19,287.8,283.5,-5.868,-4.963
"2026-03-20 07:02:00",3667,13.46,-6.121,-6.244,87.9,91.5,0,0,0,0,267.8,985.4746,29.11,36.38,287.8,283.5,-5.852,-4.949
"2026-03-20 07:03:00",3668,13.46,-6.118,-6.226,87.9,91.5,0,0,0,0,267.7,985.4103,29.02,36.3,287.7,283.5,-5.837,-4.938
"2026-03-20 07:04:00",3669,13.46,-6.089,-6.187,87.9,91.5,0,0,0,0,267.7,985.3652,28.89,36.05,287.8,283.5,-5.804,-4.926
"2026-03-20 07:05:00",3670,13.46,-6.041,-6.149,87.8,91.5,0,0,0,0,267.7,985.3451,28.63,35.71,287.8,283.5,-5.786,-4.915
"2026-03-20 07:06:00",3671,13.46,-5.98,-6.103,87.8,91.4,0,0,0,0,267.7,985.3306,28.35,35.26,287.8,283.5,-5.756,-4.899
"2026-03-20 07:07:00",3672,13.46,-5.935,-6.053,87.8,91.4,0,0,0,0,267.7,985.3135,28.05,34.82,287.8,283.5,-5.74,-4.892
"2026-03-20 07:08:00",3673,13.46,-5.911,-6.011,87.7,91.4,0,0,0,0,267.8,985.2963,27.74,34.37,287.8,283.7,-5.726,-4.881
"2026-03-20 07:09:00",3674,13.46,-5.881,-5.97,87.7,91.3,0,0,0,0,267.7,985.2634,27.44,33.93,287.8,283.8,-5.709,-4.868
"2026-03-20 07:10:00",3675,13.46,-5.838,-5.941,87.6,91.1,0,0,0,0,267.7,985.222,27.39,33.74,287.8,283.9,-5.703,-4.86
"2026-03-20 07:11:00",3676,13.46,-5.825,-5.953,87.4,90.9,0,0,0,0,267.7,985.1934,27.2,33.59,288,284.1,-5.693,-4.849
"2026-03-20 07:12:00",3677,13.46,-5.84,-5.982,87.3,90.7,0,0,0,0,267.7,985.166,27.29,33.65,288,284.2,-5.666,-4.842
"2026-03-20 07:13:00",3678,13.45,-5.857,-6.004,87.2,90.6,0,0,0,0,267.7,985.1596,27.45,33.9,288.1,284.2,-5.648,-4.835
"2026-03-20 07:14:00",3679,13.46,-5.865,-6.01,87.1,90.7,0,0,0,0,267.7,985.1436,27.73,34.15,288.1,284.2,-5.637,-4.826
"2026-03-20 07:15:00",3680,13.46,-5.863,-5.999,87.1,90.7,0,0,0,0,267.7,985.1175,28,34.48,288,284.2,-5.616,-4.818
"2026-03-20 07:16:00",3681,13.46,-5.846,-5.989,87.1,90.7,0,0,0,0,267.7,985.0899,28.35,34.95,288,284.2,-5.594,-4.807
"2026-03-20 07:17:00",3682,13.46,-5.831,-5.983,87.1,90.6,0,0,0,0,267.7,985.0577,28.78,35.62,288.1,284.2,-5.579,-4.796
"2026-03-20 07:18:00",3683,13.45,-5.822,-5.983,87,90.5,0,0,0,0,267.7,985.0215,29.32,36.36,288.1,284.2,-5.566,-4.78
"2026-03-20 07:19:00",3684,13.46,-5.826,-5.985,87,90.4,0,0,0,0,267.7,984.9896,29.85,36.99,288.2,284.2,-5.556,-4.774
"2026-03-20 07:20:00",3685,13.46,-5.845,-5.992,86.9,90.3,0,0,0,0,267.7,984.9521,30.34,37.57,288.2,284.1,-5.553,-4.767
"2026-03-20 07:21:00",3686,13.46,-5.869,-6.002,86.8,90.3,0,0,0,0,267.7,984.9232,30.75,38.11,288.3,284,-5.548,-4.762
"2026-03-20 07:22:00",3687,13.46,-5.901,-6.014,86.8,90.3,0,0,0,0,267.7,984.8897,31.14,38.62,288.3,284,-5.538,-4.759
"2026-03-20 07:23:00",3688,13.46,-5.923,-6.03,86.8,90.4,0,0,0,0,267.7,984.8713,31.53,39.12,288.2,283.8,-5.533,-4.755
"2026-03-20 07:24:00",3689,13.46,-5.938,-6.042,86.8,90.4,0,0,0,0,267.7,984.8394,31.88,39.59,288.2,283.8,-5.524,-4.749
"2026-03-20 07:25:00",3690,13.46,-5.958,-6.057,86.8,90.4,0,0,0,0,267.8,984.817,32.23,40.05,288.2,283.7,-5.52,-4.747
"2026-03-20 07:26:00",3691,13.46,-5.985,-6.078,86.8,90.4,0,0.015,0,0.392,273.6,984.8031,32.53,40.46,288.3,283.6,-5.516,-4.741
"2026-03-20 07:27:00",3692,13.45,-6.015,-6.114,86.9,90.6,0,0.516,0,0.686,43.69,984.7771,32.81,40.82,288.3,283.5,-5.518,-4.74
"2026-03-20 07:28:00",3693,13.46,-6.023,-6.116,87.1,91,0,0.516,0,0.686,43.67,984.7497,33.02,41.06,288.3,283.4,-5.515,-4.735
"2026-03-20 07:29:00",3694,13.46,-5.988,-6.083,87.3,91.2,0,0.498,0,0.882,43.01,984.7335,33.31,41.44,288.5,283.4,-5.5,-4.732
"2026-03-20 07:30:00",3695,13.46,-5.93,-6.036,87.5,91.3,0,0.304,0,0.588,43.03,984.7122,33.55,41.76,288.5,283.4,-5.483,-4.734
"2026-03-20 07:31:00",3696,13.46,-5.877,-5.981,87.6,91.3,0,0.055,0,0.49,43.03,984.6819,33.72,41.91,288.6,283.4,-5.465,-4.729
"2026-03-20 07:32:00",3697,13.46,-5.817,-5.927,87.7,91.4,0,0,0,0,43.03,984.6506,33.84,42.04,288.6,283.5,-5.441,-4.725
"2026-03-20 07:33:00",3698,13.46,-5.757,-5.862,87.7,91.4,0,0,0,0,43.03,984.6163,34.01,42.26,288.6,283.7,-5.413,-4.716
"2026-03-20 07:34:00",3699,13.46,-5.706,-5.812,87.7,91.3,0,0,0,0,43.05,984.5886,34.24,42.56,288.7,283.6,-5.387,-4.706
"2026-03-20 07:35:00",3700,13.46,-5.658,-5.764,87.7,91.2,0,0,0,0,43.05,984.5679,34.6,43.04,288.7,283.5,-5.359,-4.695
"2026-03-20 07:36:00",3701,13.46,-5.611,-5.723,87.7,91.1,0,0.22,0,0.686,43.05,984.5372,35.09,43.69,288.7,283.2,-5.344,-4.686
"2026-03-20 07:37:00",3702,13.51,-5.579,-5.69,87.6,91,0,0.627,0,0.882,43.02,984.5279,35.56,44.35,288.7,283,-5.326,-4.681
"2026-03-20 07:38:00",3703,13.51,-5.56,-5.669,87.5,90.8,0,0.547,0,0.784,37.31,984.5002,36.07,45.02,288.7,282.9,-5.318,-4.672
"2026-03-20 07:39:00",3704,13.51,-5.572,-5.663,87.3,90.6,0,0.638,0,0.784,37.17,984.4823,36.49,45.6,288.6,282.9,-5.313,-4.666
"2026-03-20 07:40:00",3705,13.51,-5.58,-5.657,87.1,90.3,0,0.909,0,1.176,37.19,984.4753,37.23,46.61,288.7,282.9,-5.31,-4.666
"2026-03-20 07:41:00",3706,13.52,-5.588,-5.654,87,90.2,0,1.181,0,1.47,37.15,984.4739,38.18,47.98,288.7,282.9,-5.312,-4.665
"2026-03-20 07:42:00",3707,13.52,-5.599,-5.662,86.8,89.9,0,1.128,0,1.47,36.76,984.4483,39.25,49.51,288.6,282.6,-5.31,-4.665
"2026-03-20 07:43:00",3708,13.52,-5.615,-5.671,86.7,89.8,0,0.514,0,0.98,28.59,984.4104,40.27,50.98,288.5,282.3,-5.296,-4.667
"2026-03-20 07:44:00",3709,13.51,-5.617,-5.661,86.7,89.7,0,0,0,0,28.6,984.3757,41.43,52.6,288.4,282.1,-5.263,-4.663
"2026-03-20 07:45:00",3710,13.51,-5.603,-5.639,86.7,89.7,0,0,0,0,28.62,984.3445,42.54,54.19,288.2,281.8,-5.241,-4.66
"2026-03-20 07:46:00",3711,13.52,-5.578,-5.614,86.7,89.5,0,0.007,0,0.098,28.65,984.3224,43.33,55.38,288,281.4,-5.205,-4.649
"2026-03-20 07:47:00",3712,13.51,-5.554,-5.619,86.6,89.3,0,0.122,0,0.392,29.08,984.3152,43.86,56.17,287.9,281,-5.178,-4.639
"2026-03-20 07:48:00",3713,13.51,-5.565,-5.644,86.5,89.2,0,0.139,0,0.588,29.96,984.2978,44.1,56.58,287.9,280.3,-5.17,-4.633
"2026-03-20 07:49:00",3714,13.51,-5.584,-5.68,86.4,89.2,0,0.003,0,0.196,29.97,984.2853,44.15,56.74,287.6,279.1,-5.169,-4.634
"2026-03-20 07:50:00",3715,13.51,-5.603,-5.705,86.3,89.2,0,0.073,0,0.392,29.89,984.236,43.65,56.11,287.2,277.4,-5.167,-4.634
"2026-03-20 07:51:00",3716,13.51,-5.609,-5.726,86.3,89.3,0,0.272,0,0.686,26.45,984.1859,43.09,55.37,286.7,275.9,-5.152,-4.636
"2026-03-20 07:52:00",3717,13.51,-5.6,-5.731,86.3,89.3,0,0,0,0.098,26.43,984.1405,42.68,54.79,286.1,274.8,-5.14,-4.64
"2026-03-20 07:53:00",3718,13.51,-5.592,-5.728,86.2,89.3,0,0,0,0,26.43,984.1175,42.63,54.69,285.7,274.5,-5.138,-4.655
"2026-03-20 07:54:00",3719,13.51,-5.585,-5.722,86.2,89.3,0,0,0,0,26.43,984.0884,42.64,54.63,285.5,274.5,-5.14,-4.659
"2026-03-20 07:55:00",3720,13.51,-5.589,-5.729,86.1,89.2,0,0,0,0,26.4,984.069,42.62,54.43,285.2,273.8,-5.142,-4.67
"2026-03-20 07:56:00",3721,13.51,-5.597,-5.737,86,89.2,0,0,0,0,26.4,984.051,42.64,54.69,284.8,273.5,-5.16,-4.682
"2026-03-20 07:57:00",3722,13.51,-5.609,-5.744,86,89.2,0,0,0,0,26.4,984.0377,42.69,54.69,284.2,273,-5.142,-4.693
"2026-03-20 07:58:00",3723,13.51,-5.611,-5.739,86,89.2,0,0,0,0,26.4,984.0202,43.03,55.07,283.9,272.6,-5.128,-4.696
"2026-03-20 07:59:00",3724,13.51,-5.627,-5.726,86,89.2,0,0,0,0,26.44,984.0219,43.77,55.96,283.7,272.8,-5.125,-4.7
"2026-03-20 08:00:00",3725,13.51,-5.641,-5.717,85.9,88.9,0,0,0,0,26.53,984.0258,44.87,57.47,283.8,273.1,-5.136,-4.707
"2026-03-20 08:01:00",3726,13.51,-5.632,-5.722,85.7,88.5,0,0.003,0,0.098,29.57,984.0109,45.89,58.85,283.9,272.9,-5.147,-4.714
"2026-03-20 08:02:00",3727,13.51,-5.642,-5.75,85.6,88.4,0,0.281,0,0.784,29.51,983.9796,47.04,60.45,283.9,272.3,-5.175,-4.715
"2026-03-20 08:03:00",3728,13.51,-5.666,-5.79,85.4,88.4,0,0.512,0,0.784,14.6,983.934,48.4,62.25,284.2,272,-5.19,-4.716
"2026-03-20 08:04:00",3729,13.5,-5.704,-5.842,85.3,88.5,0.001,0.775,0.051,1.078,0.142,983.9057,49.93,64.32,284.2,271.8,-5.208,-4.725
"2026-03-20 08:05:00",3730,13.5,-5.759,-5.897,85.2,88.6,0,0.848,0,0.98,0.083,983.8794,51.91,66.88,284.5,272.1,-5.245,-4.725
"2026-03-20 08:06:00",3731,13.5,-5.823,-5.947,85.2,88.6,0,0.787,0,0.98,349.9,983.8564,53.88,69.54,284.5,272.9,-5.273,-4.732
"2026-03-20 08:07:00",3732,13.5,-5.874,-5.987,85.3,88.8,0,0.166,0,0.588,349.8,983.8553,55.69,72.03,284.3,272.7,-5.285,-4.739
"2026-03-20 08:08:00",3733,13.5,-5.903,-6.011,85.4,88.9,0,0,0,0,349.9,983.8687,57.17,74.12,283.9,271.8,-5.279,-4.752
"2026-03-20 08:09:00",3734,13.5,-5.898,-6.007,85.6,89.1,0,0,0,0,349.9,983.8564,58.52,75.9,283.4,271.1,-5.251,-4.758
"2026-03-20 08:10:00",3735,13.5,-5.864,-5.968,85.8,89.2,0,0,0,0,349.9,983.8422,59.63,77.43,283.1,270.6,-5.212,-4.767
"2026-03-20 08:11:00",3736,13.5,-5.829,-5.905,85.8,89.4,0,0,0,0,349.9,983.8436,60.46,78.53,282.9,269.6,-5.204,-4.771
"2026-03-20 08:12:00",3737,13.52,-5.885,-5.898,85.7,89.2,0,0,0,0,349.9,983.8337,60.71,78.97,282.7,268.5,-5.204,-4.779
"2026-03-20 08:13:00",3738,13.5,-5.953,-5.914,85.5,89,0,0,0,0,349.9,983.8355,60.13,78.04,282.6,268.2,-5.207,-4.799
"2026-03-20 08:14:00",3739,13.5,-5.979,-5.931,85.5,88.8,0,0.145,0,0.686,196.7,983.8421,59.21,76.69,282.5,267.8,-5.22,-4.822
"2026-03-20 08:15:00",3740,13.5,-6.102,-6.021,85.1,88.4,0.157,1.441,0.515,1.764,191.3,983.8434,57.99,74.95,282.7,268.1,-5.27,-4.851
"2026-03-20 08:16:00",3741,13.5,-6.174,-6.092,85.3,88.6,0.081,1.093,0.309,1.568,191.2,983.8577,55.56,71.62,283.2,270,-5.332,-4.889
"2026-03-20 08:17:00",3742,13.5,-6.149,-6.11,85.8,88.9,0,0.581,0,0.784,191.2,983.8417,53.42,68.63,283.3,271,-5.351,-4.932
"2026-03-20 08:18:00",3743,13.5,-6.131,-6.106,86,89.2,0,0.05,0,0.392,191.2,983.832,52.1,66.9,283.2,270.8,-5.378,-4.955
"2026-03-20 08:19:00",3744,13.5,-6.101,-6.087,86.2,89.4,0,0.011,0,0.196,191.2,983.8146,50.79,65.27,283,270.3,-5.394,-4.976
"2026-03-20 08:20:00",3745,13.5,-6.106,-6.086,86.3,89.2,0.179,0.935,0.669,1.47,201.1,983.8159,49.98,64.21,282.8,270.3,-5.418,-4.997
"2026-03-20 08:21:00",3746,13.5,-6.26,-6.177,85.9,89.1,0.529,1.201,1.184,1.47,201.1,983.8109,48.64,62.4,282.8,269.5,-5.468,-5.011
"2026-03-20 08:22:00",3747,13.5,-6.329,-6.174,85.9,89.5,0.535,0.793,1.133,0.98,201.1,983.7858,46.28,59.35,282.5,267,-5.523,-5.035
"2026-03-20 08:23:00",3748,13.51,-6.299,-6.157,86.2,89.7,0.768,1.06,0.927,1.372,219.7,983.7416,45.04,57.73,282.2,266.2,-5.584,-5.061
"2026-03-20 08:24:00",3749,13.51,-6.388,-6.168,86.2,89.8,0.897,1.32,1.03,1.568,230.6,983.6922,44.76,57.33,282.1,266.6,-5.652,-5.089
"2026-03-20 08:25:00",3750,13.51,-6.5,-6.193,86,89.8,0.912,1.479,1.081,1.666,231.6,983.6358,43.31,55.64,281.7,263.9,-5.735,-5.115
"2026-03-20 08:26:00",3751,13.51,-6.591,-6.199,86.1,90,0.797,1.325,0.978,1.47,231.5,983.6082,42.36,54.11,280.8,260.5,-5.814,-5.15
"2026-03-20 08:27:00",3752,13.51,-6.631,-6.182,86.3,90.2,0.491,0.747,0.669,1.078,231,983.6028,41.83,53.26,279.9,259.1,-5.877,-5.184
"2026-03-20 08:28:00",3753,13.51,-6.594,-6.161,86.6,90.3,0.441,1.051,0.618,1.372,230.8,983.5845,42.35,53.77,279.2,258.7,-5.926,-5.212
"2026-03-20 08:29:00",3754,13.51,-6.584,-6.154,86.9,90.3,0.524,0.824,0.824,0.98,210.5,983.5699,43.36,55.13,278.8,258.9,-5.969,-5.238
"2026-03-20 08:30:00",3755,13.51,-6.448,-6.125,87.3,90.3,0.691,1.151,1.03,1.47,209.9,983.5422,44.37,56.5,278.5,257.5,-6.012,-5.264
"2026-03-20 08:31:00",3756,13.52,-6.487,-6.141,87.2,90.3,0.085,0.678,0.412,1.078,209.9,983.5034,45.39,57.88,278.1,256.9,-6.045,-5.284
"2026-03-20 08:32:00",3757,13.51,-6.42,-6.095,87.3,90.4,0,0.002,0,0.098,209.9,983.4565,46.8,59.68,277.3,258,-6.057,-5.297
"2026-03-20 08:33:00",3758,13.51,-6.259,-6.018,87.6,90.6,0,0,0,0,210,983.4183,48.54,62.05,276.9,258.8,-6.052,-5.302
"2026-03-20 08:34:00",3759,13.51,-6.166,-5.954,87.6,90.6,0,0,0,0,210,983.4002,50.47,64.65,276.9,259.5,-6.057,-5.307
"2026-03-20 08:35:00",3760,13.51,-6.107,-5.883,87.5,90.5,0,0,0,0,209.9,983.3857,52.42,67.23,277,260.3,-6.056,-5.306
"2026-03-20 08:36:00",3761,13.52,-6.103,-5.847,87.2,90.3,0,0,0,0,210,983.3601,54.66,70.39,277.5,261.4,-6.066,-5.303
"2026-03-20 08:37:00",3762,13.51,-6.084,-5.781,87.1,90.3,0,0,0,0,209.9,983.3379,57.2,73.92,277.5,262.6,-6.044,-5.3
"2026-03-20 08:38:00",3763,13.51,-6.043,-5.703,87.1,90.1,0,0,0,0,210,983.3041,60.44,78.33,277.5,263.3,-6.01,-5.285
"2026-03-20 08:39:00",3764,13.51,-6.079,-5.715,86.8,89.7,0,0,0,0,209.9,983.2951,63.56,82.7,277.8,264.4,-5.974,-5.267
"2026-03-20 08:40:00",3765,13.51,-6.05,-5.687,86.7,88.9,0,0,0,0,210.2,983.2896,66.56,86.8,278.3,265.1,-5.932,-5.242
"2026-03-20 08:41:00",3766,13.51,-6.02,-5.706,86.3,88.7,0.001,0.343,0.051,0.784,210.2,983.2997,70.02,91.6,279.4,266,-5.91,-5.215
"2026-03-20 08:42:00",3767,13.51,-6.016,-5.696,86.3,88.9,0.001,0.674,0.051,0.882,209.4,983.2975,73.64,96.7,280.2,267.1,-5.923,-5.195
"2026-03-20 08:43:00",3768,13.51,-5.971,-5.657,86.1,88.5,0,0.57,0,1.176,37.76,983.3024,77.34,101.8,280.7,268.1,-5.91,-5.176
"2026-03-20 08:44:00",3769,13.51,-6.072,-5.71,85.7,88.3,0,0.906,0,1.078,37.8,983.3026,81.4,107.3,281.2,268.8,-5.891,-5.153
"2026-03-20 08:45:00",3770,13.51,-6.084,-5.73,86.1,88.7,0,0.734,0,0.882,37.72,983.3058,84.8,112,281.7,269.2,-5.851,-5.13
"2026-03-20 08:46:00",3771,13.51,-5.997,-5.695,86.2,88.6,0,0.587,0,0.98,37.75,983.2779,87.3,115.4,282.2,269.1,-5.797,-5.104
"2026-03-20 08:47:00",3772,13.51,-6.005,-5.656,85.8,88.4,0.275,0.916,1.39,1.666,39.85,983.2472,89.6,118.6,282.6,268.9,-5.764,-5.083
"2026-03-20 08:48:00",3773,13.51,-6.099,-5.727,85.5,87.9,1.322,1.738,1.596,2.058,44.23,983.2061,91.2,120.6,283,268,-5.764,-5.062
"2026-03-20 08:49:00",3774,13.51,-6.159,-5.825,85.8,88.8,0.86,1.393,1.236,1.666,32.01,983.1796,92.1,121.9,283.2,267.2,-5.753,-5.058
"2026-03-20 08:50:00",3775,13.51,-6.12,-5.811,86.3,89.3,0.157,0.621,0.566,1.078,26.51,983.1353,91.7,122.1,283.4,268.5,-5.682,-5.05
"2026-03-20 08:51:00",3776,13.5,-6.016,-5.756,86.7,89.7,0,0,0,0,26.54,983.0867,88.2,109.7,283.7,264.8,-5.587,-5.036
"2026-03-20 08:52:00",3777,13.5,-5.907,-5.673,86.9,89.9,0,0,0,0,26.55,983.0566,90.9,141.1,283.1,251.5,-5.507,-5.023
"2026-03-20 08:53:00",3778,13.5,-5.819,-5.581,86.9,89.8,0,0.081,0,0.588,26.4,983.0203,89.9,132,282.7,249.6,-5.467,-5.007
"2026-03-20 08:54:00",3779,13.5,-5.798,-5.542,86.4,89,0.554,1.351,1.287,1.862,23.52,982.9729,88.6,125,282.3,247.4,-5.425,-4.998
"2026-03-20 08:55:00",3780,13.51,-5.934,-5.619,85.8,88.7,1.035,1.685,1.236,1.862,24.31,982.9435,88,120.9,282.2,245.5,-5.456,-4.998
"2026-03-20 08:56:00",3781,13.51,-6.01,-5.673,85.9,88.7,0.84,1.583,1.03,1.764,33.79,982.9328,88.7,119.7,281.9,244.1,-5.477,-5.005
"2026-03-20 08:57:00",3782,13.46,-6.055,-5.717,85.6,88.5,0.791,1.779,1.03,2.156,32.25,982.921,92.2,122.5,281.6,242.6,-5.481,-5.021
"2026-03-20 08:58:00",3783,13.51,-6.154,-5.785,85.4,88.6,0.775,1.564,1.03,1.96,19.83,982.8849,98.4,129.4,281.3,241.5,-5.464,-5.024
"2026-03-20 08:59:00",3784,13.51,-6.204,-5.815,85.5,88.7,0.996,1.837,1.39,2.058,0.077,982.8339,98.7,129.6,281.3,240.9,-5.419,-5.029
"2026-03-20 09:00:00",3785,13.51,-6.24,-5.856,85.6,88.7,0.999,1.844,1.441,2.058,353.8,982.7855,98.6,129.4,281.3,240.4,-5.434,-5.025
"2026-03-20 09:01:00",3786,13.45,-6.275,-5.902,85.7,88.7,0.117,1.123,0.515,1.568,354.3,982.8032,95.4,125.4,280.9,240.1,-5.394,-5.027
"2026-03-20 09:02:00",3787,13.51,-6.267,-5.937,86,88.5,0,1.226,0,1.568,4.425,982.8008,92,121.2,280.7,240,-5.311,-5.024
"2026-03-20 09:03:00",3788,13.45,-6.274,-6.007,85.8,88.1,0.003,1.629,0.051,1.862,30.47,982.7954,89.5,118.2,280.8,239.8,-5.293,-5.023
"2026-03-20 09:04:00",3789,13.45,-6.369,-6.11,85.5,88.2,0.788,2.082,1.39,2.45,42.34,982.7892,88.9,117.3,280.9,239.3,-5.34,-5.028
"2026-03-20 09:05:00",3790,13.46,-6.477,-6.206,85.5,88.6,1.183,2.164,1.544,2.646,49.09,982.7722,91.1,119.9,281,238.5,-5.383,-5.036
"2026-03-20 09:06:00",3791,13.45,-6.479,-6.258,86,89.3,0.272,1.157,0.875,1.764,44.82,982.7393,90.5,119.3,281.1,239,-5.36,-5.048
"2026-03-20 09:07:00",3792,13.46,-6.41,-6.247,86.4,89.7,0,0.091,0,0.784,44.88,982.6912,90.8,119.5,280.6,239.8,-5.289,-5.054
"2026-03-20 09:08:00",3793,13.46,-6.305,-6.179,86.7,90,0,0,0,0,44.87,982.6745,90.2,118.7,279.8,239.9,-5.194,-5.039
"2026-03-20 09:09:00",3794,13.46,-6.174,-6.075,87,90.4,0,0,0,0,44.88,982.665,89.6,117.8,279.4,240.1,-5.115,-5.026
"2026-03-20 09:10:00",3795,13.45,-6.097,-6.004,87,90.3,0,0.002,0,0.098,44.82,982.6597,91.6,120.6,279.6,240.4,-5.096,-5.014
"2026-03-20 09:11:00",3796,13.45,-6.129,-6.012,86.7,89.9,0.001,0.007,0.051,0.392,285.2,982.6318,84.3,112.3,279.9,240.6,-5.121,-5.02
"2026-03-20 09:12:00",3797,13.45,-6.126,-6.036,86.4,89.5,0,0.18,0,0.49,285,982.6188,83.8,111.7,279.8,240.8,-5.175,-5.037
"2026-03-20 09:13:00",3798,13.46,-6.139,-6.058,86.1,89.1,0,0.026,0,0.294,285.4,982.6225,84.6,112.6,279.4,241.4,-5.23,-5.069
"2026-03-20 09:14:00",3799,13.45,-6.153,-6.062,86,88.8,0,0,0,0,285.4,982.6375,86.2,114.8,278.8,241.5,-5.228,-5.087
"2026-03-20 09:15:00",3800,13.46,-6.097,-6.015,85.9,88.6,0,0,0,0,285.4,982.638,86.9,115.9,278.9,242.8,-5.184,-5.089
"2026-03-20 09:16:00",3801,13.45,-6.022,-5.944,85.9,88.8,0,0,0,0,285.3,982.6005,97.8,129.1,278.9,244.8,-5.134,-5.077
"2026-03-20 09:17:00",3802,13.45,-6.025,-5.893,85.8,88.8,0,0,0,0,285.3,982.5557,102.3,135.7,279.6,246.6,-5.078,-5.053
"2026-03-20 09:18:00",3803,13.46,-6.017,-5.88,85.6,88.5,0,0,0,0,285.2,982.5267,96.4,129.5,280.1,247.3,-5.045,-5.039
"2026-03-20 09:19:00",3804,13.45,-6.007,-5.912,85.4,88.1,0,0,0,0,285.2,982.4949,97,130.7,280.5,248.3,-5.055,-5.032
"2026-03-20 09:20:00",3805,13.45,-6.038,-5.937,85.1,87.9,0,0,0,0,285.2,982.4927,99.2,134.3,280.5,247.9,-5.06,-5.031
"2026-03-20 09:21:00",3806,13.46,-6.117,-5.96,85,87.7,0,0,0,0,285.2,982.483,100.2,136.1,280.4,246.3,-5.06,-5.015
"2026-03-20 09:22:00",3807,13.45,-6.147,-5.938,85,87.7,0,0,0,0,285.2,982.4423,99.6,135.4,280.3,245.1,-5.037,-5.001
"2026-03-20 09:23:00",3808,13.46,-6.088,-5.877,85,87.8,0,0,0,0,285.2,982.4183,101.4,137.9,280,245.2,-4.986,-4.974
"2026-03-20 09:24:00",3809,13.45,-5.968,-5.777,85.1,87.3,0,0,0,0,285.2,982.3892,104.8,143.1,280.5,245.8,-4.93,-4.951
"2026-03-20 09:25:00",3810,13.45,-5.867,-5.724,84.9,87,0,0,0,0,285.4,982.3301,106.6,146,281.1,246,-4.899,-4.927
"2026-03-20 09:26:00",3811,13.45,-5.842,-5.73,84.5,87,0.002,0.032,0.051,0.686,335.7,982.2866,106.2,145.9,281.5,248.1,-4.889,-4.91
"2026-03-20 09:27:00",3812,13.45,-5.886,-5.763,84.3,87.2,0,0.962,0,1.372,348,982.2644,106,144.9,281.9,251.2,-4.896,-4.892
"2026-03-20 09:28:00",3813,13.45,-5.958,-5.816,84.1,87.1,0.221,1.731,1.184,2.058,0.166,982.2261,107.2,146.3,282.3,251.5,-4.923,-4.874
"2026-03-20 09:29:00",3814,13.45,-6.1,-5.919,83.8,87.1,0.912,1.893,1.133,2.156,4.792,982.2227,96.9,132.6,282.6,250,-4.916,-4.876
"2026-03-20 09:30:00",3815,13.46,-6.319,-6.042,83.6,87.4,0.327,1.413,0.978,1.764,4.461,982.22,95.3,130,282.4,249.2,-4.913,-4.884
"2026-03-20 09:31:00",3816,13.45,-6.438,-6.129,84,87.9,0.003,0.206,0.103,0.882,4.33,982.1827,95.8,130.5,282.1,247.7,-4.868,-4.881
"2026-03-20 09:32:00",3817,13.46,-6.589,-6.214,84.2,88.1,0.198,0,0.618,0,4.313,982.1494,94.9,129.2,281.9,245.1,-4.878,-4.873
"2026-03-20 09:33:00",3818,13.45,-6.717,-6.297,84.5,88.3,0.105,0,0.515,0,4.295,982.0955,89.5,121.2,281.5,240.7,-4.917,-4.883
"2026-03-20 09:34:00",3819,13.46,-6.664,-6.257,85.1,88.7,0,0,0,0,4.307,982.0762,86.6,116.6,280.5,238.5,-4.917,-4.902
"2026-03-20 09:35:00",3820,13.45,-6.554,-6.154,85.5,88.9,0,0.34,0,0.882,4.248,982.0549,85,113.9,280,237.5,-4.943,-4.909
"2026-03-20 09:36:00",3821,13.45,-6.474,-6.101,85.6,88.5,0,1.117,0,1.372,5.034,982.0703,83.4,111.5,279.9,237.2,-4.971,-4.916
"2026-03-20 09:37:00",3822,13.46,-6.442,-6.114,85.7,88.5,0,1.139,0.051,1.274,28.53,982.0758,82.5,110.3,279.8,237.7,-5.039,-4.926
"2026-03-20 09:38:00",3823,13.46,-6.428,-6.127,85.7,88.8,0.007,0.724,0.103,1.078,32.15,982.0603,83.3,111.6,280.1,239.6,-5.082,-4.944
"2026-03-20 09:39:00",3824,13.46,-6.396,-6.106,85.8,88.7,0.001,0.442,0.051,0.784,32.15,982.0293,82.9,111.1,279.8,241.4,-5.068,-4.953
"2026-03-20 09:40:00",3825,13.46,-6.378,-6.117,85.8,88.9,0,0.537,0,0.686,32.04,981.9922,80.5,108,279.5,243.3,-5.074,-4.949
"2026-03-20 09:41:00",3826,13.45,-6.311,-6.11,86,89,0,0.328,0,1.078,354.5,981.9525,77.92,104.2,280,245.3,-5.076,-4.948
"2026-03-20 09:42:00",3827,13.46,-6.26,-6.127,85.9,88.6,0.035,1.368,0.412,1.568,348.4,981.9379,76.91,102.5,280.6,247.6,-5.136,-4.946
"2026-03-20 09:43:00",3828,13.45,-6.273,-6.181,85.7,88.7,0.066,0.79,0.36,1.372,348.3,981.9213,76.79,102.4,281.4,251.8,-5.168,-4.953
"2026-03-20 09:44:00",3829,13.46,-6.265,-6.173,85.7,89,0,0.096,0,0.49,348.4,981.9139,76.16,101.5,281.5,256.8,-5.15,-4.964
"2026-03-20 09:45:00",3830,13.45,-6.246,-6.131,85.6,88.8,0.068,0.165,1.03,1.862,115.7,981.9207,74.33,98.8,282,258.9,-5.092,-4.961
"2026-03-20 09:46:00",3831,13.45,-6.245,-6.116,85.6,88.9,1.122,1.576,1.596,1.96,126.4,981.9142,71.75,95.3,282.8,257.5,-5.137,-4.957
"2026-03-20 09:47:00",3832,13.45,-6.186,-6.071,85.8,89.1,0.472,0.794,1.544,1.568,124.6,981.8793,67.81,90,282.7,255.5,-5.171,-4.961
"2026-03-20 09:48:00",3833,13.46,-6.101,-6.002,86,89.2,0.002,0,0.051,0,125,981.813,64.49,85.2,282.3,254.2,-5.168,-4.968
"2026-03-20 09:49:00",3834,13.45,-6.063,-5.985,86,89.1,0.001,0.056,0.051,0.784,193.7,981.77,62.7,82.5,282.4,255.1,-5.149,-4.976
"2026-03-20 09:50:00",3835,13.45,-6.002,-5.952,86,89.2,0.008,0.661,0.206,0.784,241.6,981.7092,61.09,80.1,282.5,255.5,-5.163,-4.983
"2026-03-20 09:51:00",3836,13.45,-5.889,-5.846,86.2,89.4,0.001,0.271,0.051,0.686,270,981.648,58.66,76.63,282.5,254.3,-5.179,-5
"2026-03-20 09:52:00",3837,13.46,-5.747,-5.702,86.2,89.4,0.003,0.103,0.051,0.49,283.7,981.6504,57.71,75.16,282.4,254.7,-5.222,-5.01
"2026-03-20 09:53:00",3838,13.46,-5.696,-5.622,85.4,88.4,0.079,0.952,0.772,1.568,17.72,981.6738,58.77,76.71,282.4,257,-5.269,-5.017
"2026-03-20 09:54:00",3839,13.45,-5.852,-5.673,84.5,88,0.441,1.059,1.184,1.47,21.26,981.6497,60.33,79.33,282.7,259.2,-5.344,-5.027
"2026-03-20 09:55:00",3840,13.46,-5.956,-5.706,84.3,88.1,0,0.212,0,0.784,21.25,981.6143,60.53,80,282.9,259.4,-5.344,-5.04
"2026-03-20 09:56:00",3841,13.46,-6.044,-5.732,84.3,87.8,0.008,0,0.206,0,106.6,981.5894,58.66,77.56,282.7,256.8,-5.336,-5.037
"2026-03-20 09:57:00",3842,13.45,-6.041,-5.779,84.9,87.9,0,0,0,0,115.9,981.5385,56.47,74.37,282.4,253.7,-5.32,-5.039
"2026-03-20 09:58:00",3843,13.45,-5.934,-5.741,85.3,88.1,0,0,0,0,115.8,981.5034,55.13,72.28,282,253.4,-5.305,-5.046
"2026-03-20 09:59:00",3844,13.46,-5.838,-5.679,85.6,88.2,0,0,0,0,115.8,981.4789,55.19,72.13,281.7,255.7,-5.273,-5.051
"2026-03-20 10:00:00",3845,13.45,-5.753,-5.611,85.6,88.1,0,0.013,0,0.588,15.93,981.4827,56.19,73.51,282,257.6,-5.264,-5.051
"2026-03-20 10:01:00",3846,13.45,-5.702,-5.581,85.1,87.2,0.389,1.254,1.39,1.862,6.016,981.4771,56.8,74.64,282.5,258,-5.294,-5.045
"2026-03-20 10:02:00",3847,13.45,-5.809,-5.676,84.3,86.6,0.461,0.986,0.978,1.274,341.6,981.4434,56.59,74.41,282.9,259.7,-5.36,-5.045
"2026-03-20 10:03:00",3848,13.45,-5.909,-5.744,84.2,87.1,0.005,0.59,0.154,0.882,342,981.4061,57.11,75.16,283.4,264.5,-5.388,-5.056
"2026-03-20 10:04:00",3849,13.45,-5.936,-5.732,84.2,87.2,0.003,0.416,0.103,0.882,21.76,981.4153,57.47,75.79,283.8,268.1,-5.371,-5.061
"2026-03-20 10:05:00",3850,13.45,-5.976,-5.722,84.1,86.8,0.003,1.363,0.051,1.96,354.1,981.3649,57.15,75.55,284.2,269.9,-5.357,-5.057
"2026-03-20 10:06:00",3851,13.45,-6.021,-5.769,84.2,87,0.552,1.366,1.133,1.96,350.7,981.313,57.31,75.82,284.5,269.3,-5.369,-5.044
"2026-03-20 10:07:00",3852,13.46,-6.012,-5.753,84.4,87.3,0.027,0.45,0.257,0.784,334.1,981.2637,57.3,76.05,284.8,268.1,-5.37,-5.033
"2026-03-20 10:08:00",3853,13.45,-5.958,-5.64,84.8,87.8,0.424,1.198,1.544,1.568,293.5,981.1683,58.09,77.06,285,268.4,-5.361,-5.018
"2026-03-20 10:09:00",3854,13.46,-5.838,-5.462,84.7,87,0.645,0.918,1.39,1.568,254.9,981.163,59.06,78.6,285.1,267,-5.387,-5.012
"2026-03-20 10:10:00",3855,13.45,-6.019,-5.66,83.6,84.3,0.373,1.537,1.39,2.254,187.4,981.2098,59.27,78.98,284.5,263.5,-5.412,-5.02
"2026-03-20 10:11:00",3856,13.45,-6.233,-5.915,83.6,85.5,1.412,1.748,2.214,2.156,212.5,981.1589,59.49,79.35,284.7,262.9,-5.448,-5.031
"2026-03-20 10:12:00",3857,13.45,-6.287,-6.021,84.1,86.6,0.527,1.066,1.493,1.568,225.5,981.1104,59.36,79.11,284.6,262.1,-5.471,-5.043
"2026-03-20 10:13:00",3858,13.46,-6.283,-6.038,84.6,87.4,0.006,0.2,0.154,0.686,225.5,981.0797,58.55,77.91,284.2,261.1,-5.473,-5.053
"2026-03-20 10:14:00",3859,13.45,-6.208,-5.993,85.1,87.8,0,0.067,0,0.49,270,981.0414,57.8,76.64,283.9,262,-5.451,-5.048
"2026-03-20 10:15:00",3860,13.46,-6.139,-5.947,85.2,87.9,0.001,0.556,0.051,1.078,287,981.011,58.09,76.91,284.2,263.5,-5.452,-5.039
"2026-03-20 10:16:00",3861,13.45,-6.093,-5.948,85.2,87.7,0,0.64,0,0.882,285,981.0069,58.14,77.09,284.3,263.2,-5.451,-5.032
"2026-03-20 10:17:00",3862,13.46,-6.099,-5.988,85.1,87.5,0,0.731,0,0.98,274.1,981.0173,57.87,76.74,284.1,263.7,-5.434,-5.024
"2026-03-20 10:18:00",3863,13.46,-6.136,-6.049,84.9,87.4,0,0.645,0,0.784,277.3,980.9996,57.33,75.93,284.2,265.5,-5.415,-5.013
"2026-03-20 10:19:00",3864,13.45,-6.179,-6.126,84.7,87.3,0,0.919,0,1.078,272.3,980.9688,57.2,75.64,284.5,267.1,-5.416,-5.003
"2026-03-20 10:20:00",3865,13.45,-6.249,-6.197,84.5,87.5,0.123,1.197,0.618,1.372,254.5,980.9603,57.58,76.18,284.7,266.8,-5.431,-5
"2026-03-20 10:21:00",3866,13.46,-6.345,-6.238,84.4,87.8,0.874,1.55,1.338,1.764,246.6,980.9551,58.13,77.27,284.6,264.2,-5.463,-4.999
"2026-03-20 10:22:00",3867,13.45,-6.389,-6.26,84.7,88.3,0.91,1.398,1.287,1.666,244,980.9255,58.12,77.27,284.4,261.8,-5.496,-5.002
"2026-03-20 10:23:00",3868,13.46,-6.425,-6.323,84.8,88.2,1.348,1.856,1.75,2.058,252.4,980.8834,57.62,76.58,284.3,260.7,-5.543,-5.011
"2026-03-20 10:24:00",3869,13.46,-6.439,-6.38,85.1,88.5,1.168,1.678,1.699,1.96,267.4,980.8337,57.16,75.94,284.4,261.1,-5.584,-5.027
"2026-03-20 10:25:00",3870,13.46,-6.419,-6.39,85.4,88.9,1.47,1.846,1.802,2.058,268.9,980.8008,57.52,76.27,284.5,262.4,-5.621,-5.049
"2026-03-20 10:26:00",3871,13.45,-6.387,-6.336,85.7,89.5,1.464,1.85,1.853,1.96,268.8,980.7986,57.05,75.51,284.7,264.2,-5.647,-5.066
"2026-03-20 10:27:00",3872,13.45,-6.363,-6.246,85.8,89.6,1.099,1.844,1.596,1.96,270.2,980.8046,56.88,75.12,284.9,264.9,-5.662,-5.086
"2026-03-20 10:28:00",3873,13.46,-6.375,-6.176,85.8,89.7,1.55,1.874,1.853,2.156,271.7,980.7693,56.78,74.93,284.8,264.8,-5.693,-5.098
"2026-03-20 10:29:00",3874,13.46,-6.394,-6.203,85.7,89,0.924,1.733,1.647,2.058,263,980.7507,56.99,75.25,284.8,265.5,-5.716,-5.11
"2026-03-20 10:30:00",3875,13.45,-6.449,-6.263,85.6,89.1,1.043,1.744,1.493,2.058,256.6,980.7424,57.59,76.06,284.9,268.1,-5.721,-5.114
"2026-03-20 10:31:00",3876,13.45,-6.439,-6.213,85.8,89.3,1.486,1.917,1.853,2.254,251.2,980.7198,58.55,77.41,285.3,270.3,-5.712,-5.116
"2026-03-20 10:32:00",3877,13.46,-6.472,-6.288,85.7,88.8,1.483,2.112,1.853,2.254,247.8,980.6973,58.75,77.75,285.5,269.5,-5.735,-5.111
"2026-03-20 10:33:00",3878,13.45,-6.552,-6.429,85.6,88.7,1.476,2.165,1.802,2.45,260.7,980.6785,58.44,77.51,285.4,269.1,-5.759,-5.113
"2026-03-20 10:34:00",3879,13.46,-6.579,-6.416,85.9,89.6,1.73,2.449,2.008,2.646,267,980.6483,58.91,77.92,285.6,269.6,-5.777,-5.117
"2026-03-20 10:35:00",3880,13.45,-6.509,-6.31,86.3,90,1.656,2.426,2.111,2.646,261.5,980.6334,59.62,78.88,285.9,270.2,-5.782,-5.121
"2026-03-20 10:36:00",3881,13.45,-6.448,-6.278,86.4,89.8,0.707,2.051,1.493,2.352,263.7,980.6259,60.85,80.4,286,270.8,-5.768,-5.119
"2026-03-20 10:37:00",3882,13.45,-6.423,-6.268,86.5,89.7,1.64,2.676,2.368,3.038,268.6,980.5803,61.89,81.7,286.2,271.8,-5.747,-5.108
"2026-03-20 10:38:00",3883,13.46,-6.319,-6.13,86.6,89.7,2.293,3.033,2.677,3.332,266.6,980.5283,63.2,83.5,286.7,272.9,-5.721,-5.101
"2026-03-20 10:39:00",3884,13.46,-6.219,-6.06,86.5,89.1,2.098,2.98,2.523,3.234,266,980.5056,64.7,85.4,287,273.7,-5.689,-5.091
"2026-03-20 10:40:00",3885,13.45,-6.167,-5.961,86.3,88.8,1.883,2.799,2.317,3.136,264,980.5002,65.82,86.9,287.2,274.6,-5.654,-5.081
"2026-03-20 10:41:00",3886,13.46,-6.131,-5.948,86,88,1.764,2.539,2.059,2.94,268.3,980.488,66.76,88.1,287.4,275.2,-5.623,-5.064
"2026-03-20 10:42:00",3887,13.45,-6.125,-5.951,85.8,88.1,1.878,2.814,2.523,3.234,267.9,980.4494,67.7,89.4,287.6,276.1,-5.593,-5.047
"2026-03-20 10:43:00",3888,13.46,-6.111,-5.953,85.6,88,1.874,2.745,2.111,2.94,257.5,980.4306,68.8,90.9,287.8,276.8,-5.563,-5.031
"2026-03-20 10:44:00",3889,13.46,-6.135,-5.985,85.5,87.7,1.897,2.521,2.625,2.94,226.2,980.425,69.99,92.5,287.8,276.9,-5.538,-5.02
"2026-03-20 10:45:00",3890,13.46,-6.195,-6.089,85.4,87.8,2.008,2.588,2.523,2.842,236.4,980.4089,70.94,93.9,287.9,277.4,-5.52,-5
"2026-03-20 10:46:00",3891,13.46,-6.223,-6.134,85.5,88.4,1.556,2.391,2.008,2.744,242.8,980.3802,71.71,94.9,288.1,278.8,-5.488,-4.976
"2026-03-20 10:47:00",3892,13.46,-6.214,-6.141,85.6,88.5,1.21,2,1.647,2.156,247.8,980.3793,72.48,95.8,288.4,280.5,-5.453,-4.953
"2026-03-20 10:48:00",3893,13.46,-6.2,-6.146,85.7,88.8,1.386,2.326,2.059,2.842,259.1,980.325,74.38,98.2,288.8,282.6,-5.412,-4.924
"2026-03-20 10:49:00",3894,13.45,-6.161,-6.071,85.9,89,1.634,2.408,2.059,2.842,269.1,980.2908,77.14,102.1,289.2,283.6,-5.382,-4.896
"2026-03-20 10:50:00",3895,13.45,-6.109,-6.033,86,89,1.509,2.498,2.059,2.94,268.7,980.2446,79.96,106.2,289.5,283.9,-5.345,-4.872
"2026-03-20 10:51:00",3896,13.46,-6.059,-5.969,86,89,1.711,2.59,2.059,2.94,272.2,980.2114,82.5,109.8,289.7,283.6,-5.303,-4.845
"2026-03-20 10:52:00",3897,13.46,-5.978,-5.892,86.1,89,1.802,2.781,2.368,3.136,271.2,980.205,84.8,112.9,290.1,284,-5.232,-4.814
"2026-03-20 10:53:00",3898,13.46,-5.872,-5.699,86.2,88.6,2.125,2.917,2.78,3.136,280.3,980.191,87.3,116.3,290.4,284.8,-5.165,-4.775
"2026-03-20 10:54:00",3899,13.45,-5.779,-5.638,85.9,87.3,2.092,2.743,2.368,3.234,281.4,980.1796,89.6,119.4,290.6,284.8,-5.104,-4.742
"2026-03-20 10:55:00",3900,13.45,-5.758,-5.672,85.6,87.3,2.067,2.781,2.883,3.43,280.8,980.1509,91.5,122,290.8,285.3,-5.058,-4.704
"2026-03-20 10:56:00",3901,13.45,-5.725,-5.679,85.6,87.5,2.006,2.787,2.317,3.136,276.7,980.1135,93.4,124.8,291,285.4,-5.011,-4.676
"2026-03-20 10:57:00",3902,13.46,-5.683,-5.655,85.6,87.7,1.887,2.555,2.42,3.038,268.1,980.121,94.7,126.6,291.3,285.3,-4.934,-4.639
"2026-03-20 10:58:00",3903,13.46,-5.616,-5.624,85.5,87.7,2.251,2.923,2.728,3.234,267.8,980.0599,95.3,127.5,291.5,285.7,-4.865,-4.606
"2026-03-20 10:59:00",3904,13.45,-5.57,-5.599,85.4,87.6,2.163,2.83,2.523,3.234,272.2,980.0211,95.3,127.3,291.7,285.4,-4.812,-4.575
"2026-03-20 11:00:00",3905,13.46,-5.554,-5.604,85.3,87.6,2.112,2.778,2.523,3.136,282.9,980.0517,94.2,125.9,291.6,284.6,-4.781,-4.548
"2026-03-20 11:01:00",3906,13.46,-5.569,-5.632,85.2,88,2.556,3.297,3.037,3.626,278.6,980.0286,92.8,124,291.6,284.5,-4.756,-4.527
"2026-03-20 11:02:00",3907,13.45,-5.596,-5.597,85.2,88.2,2.629,3.429,3.037,3.626,281.4,979.9848,91.2,121.8,291.5,284.3,-4.756,-4.517
"2026-03-20 11:03:00",3908,13.46,-5.597,-5.552,85.4,88.1,2.531,3.331,2.883,3.626,281.2,979.9689,90,120.2,291.5,283.6,-4.733,-4.506
"2026-03-20 11:04:00",3909,13.46,-5.563,-5.502,85.6,87.9,2.255,3.085,2.677,3.528,277.4,979.9515,89.4,119.6,291.6,283.4,-4.699,-4.492
"2026-03-20 11:05:00",3910,13.45,-5.506,-5.446,85.7,87.8,2.036,2.916,2.42,3.136,277.7,979.9387,89.7,120,291.8,283.6,-4.656,-4.473
"2026-03-20 11:06:00",3911,13.45,-5.413,-5.34,85.7,87.2,1.824,2.541,2.214,2.94,278.5,979.9344,90.1,120.6,292,283.1,-4.592,-4.446
"2026-03-20 11:07:00",3912,13.46,-5.309,-5.253,85.5,86.4,1.905,2.594,2.317,2.94,293.4,979.9151,90.5,121.3,292.2,282.5,-4.527,-4.418
"2026-03-20 11:08:00",3913,13.46,-5.221,-5.209,85.2,85.8,2.078,2.812,2.625,3.136,289.5,979.8741,91.1,122.2,292.2,281.9,-4.478,-4.39
"2026-03-20 11:09:00",3914,13.45,-5.177,-5.149,84.9,85.2,2.266,3.053,2.625,3.234,281.4,979.8438,91.6,123,292.3,281.9,-4.434,-4.364
"2026-03-20 11:10:00",3915,13.46,-5.115,-4.969,84.5,82.3,2.391,3.108,2.728,3.234,273.9,979.7935,92.1,123.8,292.4,280.9,-4.382,-4.338
"2026-03-20 11:11:00",3916,13.46,-5.027,-4.76,84.1,79.68,2.199,2.97,2.471,3.136,271.5,979.7856,93.9,126.4,292.5,280.2,-4.332,-4.317
"2026-03-20 11:12:00",3917,13.46,-4.94,-4.595,83.6,78.55,1.847,2.595,2.162,2.94,272.4,979.7864,95.5,128.9,292.6,279.7,-4.27,-4.292
"2026-03-20 11:13:00",3918,13.46,-4.867,-4.601,83.3,78.95,1.688,2.389,2.008,2.548,270.3,979.7677,95.9,129.4,292.6,279.4,-4.207,-4.269
"2026-03-20 11:14:00",3919,13.45,-4.819,-4.628,82.9,79.27,1.753,2.31,2.008,2.646,270.6,979.7432,96,129.7,292.7,279.3,-4.147,-4.246
"2026-03-20 11:15:00",3920,13.46,-4.812,-4.653,82.7,79.17,1.883,2.656,2.214,2.94,270.2,979.7382,94.5,127.6,292.7,279.9,-4.116,-4.226
"2026-03-20 11:16:00",3921,13.46,-4.775,-4.59,82.4,78.34,1.873,2.659,2.214,2.842,266.3,979.7299,91.9,123.6,292.9,281.5,-4.072,-4.216
"2026-03-20 11:17:00",3922,13.45,-4.713,-4.549,82,78.14,2.315,2.955,2.625,3.234,269,979.6896,89.4,119.7,293.1,282.9,-4.031,-4.213
"2026-03-20 11:18:00",3923,13.46,-4.66,-4.545,81.6,78.19,2.113,2.981,2.625,3.626,262.3,979.6494,86.6,115.5,293.3,284,-3.991,-4.209
"2026-03-20 11:19:00",3924,13.46,-4.622,-4.424,81.1,75.71,2.963,3.737,3.346,3.92,263.4,979.6124,83.4,110.9,293.4,285.2,-3.957,-4.202
"2026-03-20 11:20:00",3925,13.46,-4.514,-4.168,80.3,73.92,2.832,3.647,3.295,3.822,261.9,979.6,80.5,106.4,293.6,286,-3.926,-4.202
"2026-03-20 11:21:00",3926,13.46,-4.444,-4.08,79.76,73.97,2.081,3.091,2.831,3.528,261.1,979.6305,77.93,102.8,293.7,286.4,-3.896,-4.202
"2026-03-20 11:22:00",3927,13.45,-4.421,-4.105,79.57,74.48,1.713,2.615,2.111,2.94,260.1,979.6393,75.93,100.2,293.7,286.4,-3.858,-4.195
"2026-03-20 11:23:00",3928,13.46,-4.406,-4.135,79.47,74.49,1.725,2.57,1.956,2.842,262.7,979.5983,74.1,97.7,293.8,286.5,-3.821,-4.187
"2026-03-20 11:24:00",3929,13.45,-4.379,-4.152,79.4,74.67,1.869,2.674,2.42,3.038,260,979.5715,72.15,95.1,293.8,286,-3.787,-4.173
"2026-03-20 11:25:00",3930,13.46,-4.345,-4.14,78.96,74.22,2.095,2.761,2.523,3.136,262.1,979.5746,70.28,92.5,293.8,285.7,-3.762,-4.167
"2026-03-20 11:26:00",3931,13.46,-4.301,-4.139,78.77,74.46,1.697,2.36,1.905,2.548,264.2,979.5455,68.48,90,293.9,285.9,-3.735,-4.164
"2026-03-20 11:27:00",3932,13.46,-4.288,-4.15,78.75,74.25,1.673,2.543,2.059,2.842,266.4,979.5081,66.66,87.3,293.9,286.8,-3.715,-4.155
"2026-03-20 11:28:00",3933,13.46,-4.275,-4.076,78.69,73.47,1.843,2.632,2.059,2.842,265.9,979.4646,65.11,85,294,287.5,-3.698,-4.145
"2026-03-20 11:29:00",3934,13.45,-4.227,-4.017,78.4,73.87,1.779,2.264,2.008,2.646,262.6,979.4443,63.88,83.3,294.1,287.6,-3.675,-4.141
"2026-03-20 11:30:00",3935,13.45,-4.181,-4.027,78.36,74.04,1.598,2.354,1.956,2.744,261.5,979.4318,62.73,81.7,294.1,287.6,-3.656,-4.136
"2026-03-20 11:31:00",3936,13.46,-4.151,-3.982,78.19,73.58,1.603,2.419,1.802,2.646,253.8,979.4086,61.55,80.1,294.2,287.8,-3.632,-4.127
"2026-03-20 11:32:00",3937,13.46,-4.133,-3.907,77.99,71.34,1.763,2.701,2.059,2.842,257.9,979.3776,60.59,78.86,294.3,288,-3.608,-4.121
"2026-03-20 11:33:00",3938,13.46,-4.066,-3.735,77.43,69.93,1.645,2.529,1.853,2.646,256,979.3734,59.75,77.7,294.3,287.9,-3.585,-4.105
"2026-03-20 11:34:00",3939,13.45,-4.005,-3.578,77.04,67.88,1.761,2.595,2.214,2.744,255.3,979.3444,59.06,76.83,294.4,288,-3.559,-4.097
"2026-03-20 11:35:00",3940,13.46,-3.877,-3.341,75.43,65.92,2.016,2.558,2.265,2.744,258,979.3005,58.28,75.82,294.5,288,-3.523,-4.088
"2026-03-20 11:36:00",3941,13.46,-3.709,-3.12,74.38,64.43,1.945,2.428,2.214,2.548,265.3,979.269,57.71,75.06,294.6,288.1,-3.486,-4.077
"2026-03-20 11:37:00",3942,13.5,-3.583,-2.975,73.58,65.42,1.825,2.434,2.214,2.548,273.4,979.2269,57.13,74.19,294.7,288.2,-3.444,-4.064
"2026-03-20 11:38:00",3943,13.5,-3.559,-3.048,73.6,66,1.438,2.262,1.647,2.45,277.5,979.2121,56.3,73.15,294.6,288.1,-3.434,-4.05
"2026-03-20 11:39:00",3944,13.5,-3.627,-3.113,73.63,67.08,1.579,2.203,1.853,2.45,281.2,979.1704,54.82,71.22,294.6,288.3,-3.429,-4.046
"2026-03-20 11:40:00",3945,13.5,-3.67,-3.194,73.51,67.51,1.845,2.502,2.111,2.744,286.1,979.1461,52.91,68.63,294.6,288.6,-3.433,-4.04
"2026-03-20 11:41:00",3946,13.5,-3.682,-3.227,73.42,68.36,1.741,2.526,2.111,2.744,286,979.143,51.36,66.36,294.6,288.6,-3.424,-4.035
"2026-03-20 11:42:00",3947,13.5,-3.704,-3.334,73.73,69.63,1.167,2.029,1.596,2.254,284.8,979.1728,50.38,64.99,294.6,288.3,-3.415,-4.029
"2026-03-20 11:43:00",3948,13.5,-3.746,-3.444,74.04,70.32,0.887,1.98,1.441,2.156,274.3,979.1679,49.98,64.37,294.6,288.3,-3.405,-4.028
"2026-03-20 11:44:00",3949,13.46,-3.787,-3.505,74.3,70.56,1.286,2.185,1.493,2.352,271.5,979.12,50.31,64.78,294.6,288.3,-3.392,-4.02
"2026-03-20 11:45:00",3950,13.45,-3.838,-3.572,74.57,71.26,1.453,2.361,1.802,2.744,268.6,979.0768,51.1,66.01,294.6,288,-3.404,-4.018
"2026-03-20 11:46:00",3951,13.5,-3.896,-3.658,74.85,71.98,1.679,2.599,1.956,2.744,266.1,979.0328,52.19,67.6,294.6,287.5,-3.408,-4.011
"2026-03-20 11:47:00",3952,13.46,-3.958,-3.758,75.23,72.24,1.647,2.755,1.956,3.136,269.4,979.0087,53.31,69.18,294.5,287,-3.432,-4.01
"2026-03-20 11:48:00",3953,13.46,-4.01,-3.771,75.15,71.34,2.212,3.35,2.677,3.626,274.9,978.9804,54.35,70.61,294.4,286.6,-3.446,-4.003
"2026-03-20 11:49:00",3954,13.45,-4.019,-3.769,75.09,71.8,2.333,3.293,2.78,3.626,272.9,978.9747,55.66,72.35,294.4,286.6,-3.463,-3.995
"2026-03-20 11:50:00",3955,13.46,-4.003,-3.72,74.87,71,2.641,3.457,3.243,3.822,274.3,978.9331,57.01,74.24,294.5,287.2,-3.466,-3.989
"2026-03-20 11:51:00",3956,13.45,-3.975,-3.715,74.98,72.08,2.231,3.017,2.625,3.528,278,978.9379,58.29,76,294.5,287.3,-3.471,-3.982
"2026-03-20 11:52:00",3957,13.46,-3.98,-3.791,75.37,73.41,1.34,2.32,2.008,2.744,268.8,978.9537,59.46,77.75,294.6,287.1,-3.466,-3.976
"2026-03-20 11:53:00",3958,13.46,-4.008,-3.874,75.58,73.19,1.474,2.853,2.677,3.822,266,978.9572,60.81,79.63,294.6,287.2,-3.452,-3.97
"2026-03-20 11:54:00",3959,13.45,-4.025,-3.836,74.92,70.78,2.921,3.798,3.243,3.92,270.9,978.8768,61.91,81.2,294.7,287.5,-3.449,-3.958
"2026-03-20 11:55:00",3960,13.45,-3.995,-3.788,74.76,72.44,2.817,3.506,3.192,4.018,275.2,978.8204,62.72,82.4,294.7,287,-3.467,-3.954
"2026-03-20 11:56:00",3961,13.46,-4.003,-3.86,74.8,71.64,2.58,3.317,3.295,3.92,280.6,978.8215,63.14,83.1,294.7,286.9,-3.47,-3.956
"2026-03-20 11:57:00",3962,13.45,-3.971,-3.801,74.38,70.83,2.268,3.111,3.089,3.528,278.1,978.8499,62.85,82.8,294.7,286.8,-3.459,-3.953
"2026-03-20 11:58:00",3963,13.46,-3.911,-3.724,74.1,70.83,2.316,3.122,2.831,3.43,278.6,978.8416,62.29,81.9,294.7,287,-3.449,-3.95
"2026-03-20 11:59:00",3964,13.51,-3.897,-3.727,74.19,71.48,2.053,2.943,2.42,3.234,282.3,978.8287,61.84,81.2,294.8,287,-3.442,-3.948
"2026-03-20 12:00:00",3965,13.46,-3.899,-3.739,74.19,71.62,2.18,3.073,2.42,3.332,287.8,978.8031,61.38,80.6,294.8,287.1,-3.429,-3.942
"2026-03-20 12:01:00",3966,13.46,-3.899,-3.759,74.21,71.48,2.145,2.942,2.471,3.136,284.2,978.7946,60.89,79.81,294.8,287.3,-3.422,-3.938
"2026-03-20 12:02:00",3967,13.46,-3.899,-3.766,74.09,71.48,1.847,2.462,2.265,2.646,287.6,978.7982,60.42,79.23,294.8,287.6,-3.415,-3.931
"2026-03-20 12:03:00",3968,13.46,-3.871,-3.679,73.66,70.43,1.996,2.366,2.368,2.646,274.6,978.7497,59.87,78.36,294.9,288.6,-3.393,-3.919
"2026-03-20 12:04:00",3969,13.46,-3.835,-3.556,73.77,70.44,2.44,2.802,2.831,3.038,278.3,978.6913,59.43,77.67,295,289.4,-3.389,-3.915
"2026-03-20 12:05:00",3970,13.46,-3.794,-3.51,73.01,70.28,2.689,3.034,2.986,3.626,273.8,978.6384,58.96,77,295.2,289.8,-3.373,-3.914
"2026-03-20 12:06:00",3971,13.45,-3.696,-3.53,73.05,71.56,2.529,3.54,3.501,4.214,286.1,978.5745,59.7,77.83,295.4,289.9,-3.332,-3.908
"2026-03-20 12:07:00",3972,13.46,-3.563,-3.364,71.39,67.52,3.471,3.584,5.766,5.586,267.6,978.4944,59.49,77.86,296.1,291,-3.228,-3.897
"2026-03-20 12:08:00",3973,13.46,-3.092,-2.977,69.3,66.87,3.078,3.767,4.015,4.214,274.2,978.5066,62.53,81.2,296.5,290,-3.057,-3.876
"2026-03-20 12:09:00",3974,13.51,-3.267,-3.255,70.43,70.23,2.665,3.281,3.346,4.018,270.1,978.5104,62.29,81.2,295.7,289,-3.13,-3.844
"2026-03-20 12:10:00",3975,13.46,-3.53,-3.525,71.93,71.19,2.466,3.239,3.346,4.018,273.8,978.5224,61.38,80,295.6,289.4,-3.157,-3.835
"2026-03-20 12:11:00",3976,13.46,-3.699,-3.66,72.49,70.79,2.828,3.672,3.243,3.92,273.6,978.4966,60.74,79.15,295.4,289.9,-3.192,-3.834
"2026-03-20 12:12:00",3977,13.46,-3.804,-3.716,72.97,71.97,2.687,3.439,2.986,3.822,280.3,978.4833,60.28,78.43,295.4,289.8,-3.236,-3.839
"2026-03-20 12:13:00",3978,13.46,-3.877,-3.81,73.51,73.14,2.4,2.928,3.089,3.724,278.2,978.5202,60.02,78.15,295.3,289.5,-3.262,-3.851
"2026-03-20 12:14:00",3979,13.46,-3.924,-3.897,73.76,73.33,1.837,2.48,2.214,2.842,279.1,978.5386,60.01,78.04,295.3,289.8,-3.273,-3.853
"2026-03-20 12:15:00",3980,13.46,-3.951,-3.928,73.69,73.48,1.955,2.703,2.523,3.234,275.1,978.494,60.58,78.62,295.4,290.1,-3.276,-3.856
"2026-03-20 12:16:00",3981,13.46,-3.943,-3.957,74.3,74.53,2.077,2.803,2.574,3.43,281.9,978.4111,61.02,79.31,295.4,290.4,-3.276,-3.857
"2026-03-20 12:17:00",3982,13.46,-3.967,-3.976,74.7,74.16,2.408,3.359,2.78,3.626,283.7,978.386,61.18,79.69,295.4,290.6,-3.291,-3.858
"2026-03-20 12:18:00",3983,13.46,-3.964,-3.937,74.75,73.85,2.104,2.97,2.625,3.626,280.1,978.4116,61.61,80.2,295.4,290.5,-3.294,-3.852
"2026-03-20 12:19:00",3984,13.45,-3.938,-3.91,75.04,74.16,1.371,2.255,1.853,2.646,268.5,978.4039,62.35,81.3,295.6,290.4,-3.275,-3.842
"2026-03-20 12:20:00",3985,13.45,-3.905,-3.863,74.68,73.15,1.663,2.477,1.956,2.744,275.5,978.3647,62.83,81.9,295.7,290.6,-3.255,-3.833
"2026-03-20 12:21:00",3986,13.45,-3.844,-3.781,74.05,71.92,2.084,2.926,2.728,3.43,273.2,978.3091,62.85,81.9,295.8,291.2,-3.23,-3.822
"2026-03-20 12:22:00",3987,13.46,-3.751,-3.634,72.66,69.66,2.665,3.404,3.14,3.822,276.4,978.2668,62.93,81.8,295.9,291.7,-3.198,-3.82
"2026-03-20 12:23:00",3988,13.45,-3.574,-3.431,71.32,68.44,2.64,3.339,3.089,3.822,278.1,978.2623,63.74,82.7,296.2,291.9,-3.135,-3.807
"2026-03-20 12:24:00",3989,13.45,-3.44,-3.322,70.3,67.82,2.89,3.503,3.398,3.92,278.6,978.2246,64.65,83.9,296.3,292.1,-3.085,-3.794
"2026-03-20 12:25:00",3990,13.45,-3.332,-3.234,69.92,68.33,2.376,2.928,3.501,3.92,268,978.2316,65.13,84.5,296.4,292.4,-3.033,-3.779
"2026-03-20 12:26:00",3991,13.5,-3.201,-3.129,69.49,68.14,1.969,2.547,3.037,3.43,297.1,978.2174,65.67,85.2,296.7,292.8,-2.948,-3.76
"2026-03-20 12:27:00",3992,13.5,-3.18,-3.162,70.03,69.61,2.559,3.013,2.934,3.43,295.7,978.1849,66.55,86.4,296.6,292.6,-2.926,-3.743
"2026-03-20 12:28:00",3993,13.5,-3.259,-3.257,71.33,70.65,2.838,3.602,3.192,3.92,300.7,978.1688,67.13,87.3,296.6,292.5,-2.921,-3.729
"2026-03-20 12:29:00",3994,13.5,-3.341,-3.29,71.26,69.1,2.731,3.49,3.295,3.92,293.6,978.1623,67.31,87.6,296.6,292.6,-2.925,-3.713
"2026-03-20 12:30:00",3995,13.5,-3.322,-3.236,71.04,69.17,2.255,3.015,2.78,3.528,291,978.1821,67.52,87.9,296.8,292.8,-2.889,-3.699
"2026-03-20 12:31:00",3996,13.46,-3.28,-3.199,71,67.97,1.859,2.783,2.317,3.234,283.6,978.1999,68.29,88.8,297,293.2,-2.848,-3.677
"2026-03-20 12:32:00",3997,13.51,-3.211,-3.062,70.21,67.45,2.194,2.893,2.625,3.234,282.5,978.1642,68.93,89.6,297.2,293.9,-2.798,-3.664
"2026-03-20 12:33:00",3998,13.46,-3.132,-3.012,70.68,68.71,2.02,2.604,2.368,2.94,289.3,978.1276,69.69,90.4,297.3,294.2,-2.765,-3.644
"2026-03-20 12:34:00",3999,13.5,-3.147,-3.062,70.78,68.93,2,2.795,2.471,3.234,286.7,978.1019,70.18,91.2,297.4,294.6,-2.74,-3.628
"2026-03-20 12:35:00",4000,13.5,-3.171,-3.076,70.7,68.23,2.42,3.247,2.831,3.43,282.7,978.0924,71,92.1,297.4,294.8,-2.719,-3.606
"2026-03-20 12:36:00",4001,13.45,-3.195,-3.1,70.57,68.16,2.362,3.196,2.883,3.528,273.4,978.0967,72.64,94.1,297.5,294.8,-2.705,-3.59
"2026-03-20 12:37:00",4002,13.51,-3.215,-3.139,70.96,69.46,2.15,2.996,2.523,3.234,267.1,978.0822,74.8,97.1,297.6,294.8,-2.678,-3.576
"2026-03-20 12:38:00",4003,13.51,-3.271,-3.221,71.86,70.88,2.034,2.806,2.368,3.038,271.1,978.0653,76.22,99.1,297.6,294.6,-2.666,-3.558
"2026-03-20 12:39:00",4004,13.51,-3.355,-3.329,72.66,72.02,1.789,2.602,2.059,2.94,266.6,978.0799,77.09,100.1,297.6,294.1,-2.666,-3.543
"2026-03-20 12:40:00",4005,13.51,-3.414,-3.41,73.21,73.23,1.624,2.183,2.008,2.548,277.7,978.0764,78.12,101.5,297.7,293.8,-2.653,-3.529
"2026-03-20 12:41:00",4006,13.51,-3.442,-3.454,73.32,72.47,1.965,2.649,2.42,3.136,288.8,978.0311,78.67,102.5,297.6,294.1,-2.653,-3.515
"2026-03-20 12:42:00",4007,13.51,-3.406,-3.389,72.46,70.75,2.515,3.31,3.14,3.626,290.8,978.004,78.68,102.3,297.7,294.5,-2.637,-3.499
"2026-03-20 12:43:00",4008,13.51,-3.311,-3.283,72.13,70.14,2.552,3.351,3.089,3.92,287.4,978.0183,79.44,103.1,297.7,294.5,-2.612,-3.494
"2026-03-20 12:44:00",4009,13.51,-3.254,-3.197,71.82,70.23,2.534,3.256,2.986,3.43,293.4,977.9991,80.5,104.6,297.8,294.3,-2.595,-3.478
"2026-03-20 12:45:00",4010,13.51,-3.237,-3.174,71.91,70.29,2.47,3.255,2.728,3.528,291.5,977.9892,80.4,104.6,297.8,294.4,-2.589,-3.471
"2026-03-20 12:46:00",4011,13.51,-3.224,-3.111,72.23,70.29,2.51,3.292,3.037,3.528,287.6,977.9514,79.24,103,297.9,295.1,-2.574,-3.459
"2026-03-20 12:47:00",4012,13.51,-3.198,-3.058,72.7,71.46,2.398,3.139,2.934,3.43,295.7,977.926,78.12,101.3,298,295.3,-2.562,-3.454
"2026-03-20 12:48:00",4013,13.51,-3.192,-3.082,72.68,70.36,2.651,3.479,3.089,3.724,295.4,977.9253,77.58,100.5,298,295.4,-2.546,-3.443
"2026-03-20 12:49:00",4014,13.51,-3.16,-3.034,72.51,70.25,2.663,3.406,3.192,3.626,294.9,977.9139,77.62,100.6,298.1,295.3,-2.524,-3.432
"2026-03-20 12:50:00",4015,13.46,-3.111,-2.998,72.36,69.7,2.601,3.474,2.986,3.822,292.5,977.9071,77.15,99.9,298.2,295.5,-2.502,-3.425
"2026-03-20 12:51:00",4016,13.51,-3.058,-2.881,71.99,68.17,2.501,3.079,2.78,3.528,286.2,977.921,76.3,98.7,298.4,295.9,-2.474,-3.414
"2026-03-20 12:52:00",4017,13.51,-2.962,-2.686,71.4,67.36,2.182,2.657,2.471,2.94,277.9,977.937,75.45,97.3,298.6,296.3,-2.433,-3.405
"2026-03-20 12:53:00",4018,13.51,-2.827,-2.53,70.69,66.86,2.076,2.452,2.42,2.646,273.3,977.9227,75.1,96.7,298.8,296.7,-2.376,-3.391
"2026-03-20 12:54:00",4019,13.51,-2.744,-2.425,70.59,66.73,2.018,2.49,2.317,2.744,272.7,977.9183,74.05,95.3,298.9,297.1,-2.338,-3.38
"2026-03-20 12:55:00",4020,13.51,-2.665,-2.339,70.07,66.86,1.935,2.365,2.162,2.842,273.9,977.916,72.28,93,299.1,297.4,-2.288,-3.364
"2026-03-20 12:56:00",4021,13.5,-2.549,-2.272,70.16,65.79,1.79,2.324,2.059,2.548,273.7,977.9243,70.48,90.5,299.3,297.6,-2.233,-3.351
"2026-03-20 12:57:00",4022,13.5,-2.46,-2.174,70.34,66.77,1.621,2.202,2.008,2.646,269.8,977.9138,68.92,88.4,299.4,297.6,-2.191,-3.339
"2026-03-20 12:58:00",4023,13.5,-2.461,-2.257,70.8,67.12,1.748,2.439,2.162,2.646,276.3,977.8998,67.78,86.9,299.4,297.6,-2.173,-3.322
"2026-03-20 12:59:00",4024,13.51,-2.548,-2.283,70.6,66.42,2.049,2.456,2.214,2.646,279.5,977.8994,66.6,85.3,299.4,297.8,-2.167,-3.312
"2026-03-20 13:00:00",4025,13.51,-2.574,-2.234,71.03,66.33,2.045,2.53,2.265,2.744,281,977.8904,65.61,83.9,299.4,297.9,-2.167,-3.302
"2026-03-20 13:01:00",4026,13.51,-2.613,-2.262,72.06,69.75,1.848,2.507,2.111,2.744,294.1,977.9056,64.44,82.3,299.3,297.6,-2.168,-3.297
"2026-03-20 13:02:00",4027,13.51,-2.725,-2.493,72.65,70.53,2.038,2.638,2.523,3.038,297.9,977.921,63.22,80.6,299.1,297.1,-2.19,-3.292
"2026-03-20 13:03:00",4028,13.51,-2.856,-2.675,73.6,73.39,1.824,2.292,2.162,2.548,287.4,977.9407,61.91,78.68,299,296.9,-2.224,-3.297
"2026-03-20 13:04:00",4029,13.46,-2.966,-2.859,74.36,73.76,1.507,2.303,2.214,2.646,286.9,977.8975,60.02,76.19,299,297.3,-2.253,-3.299
"2026-03-20 13:05:00",4030,13.46,-3.027,-2.912,74.66,73.04,1.836,2.399,2.265,2.842,305.3,977.8807,58.21,73.73,299.1,297.6,-2.267,-3.303
"2026-03-20 13:06:00",4031,13.46,-2.989,-2.822,73.6,70.68,1.463,2.04,2.059,2.352,305.7,977.8965,56.56,71.53,299.2,297.9,-2.251,-3.302
"2026-03-20 13:07:00",4032,13.51,-2.827,-2.709,72.5,70.88,1.981,2.314,2.265,2.646,303.4,977.8426,55.08,69.44,299.4,298.1,-2.217,-3.307
