"TOA5","1481","CR3000","1481","CR3000.Std.32.06","CPU:AWS_MaggieMay.CR3","1996","Res_data_1_min"
"TIMESTAMP","RECORD","BattV","temperature_1","temperature_2","rel_humidity_1","rel_humidity_2","wind_speed_1","wind_speed_2","gust_speed_1","gust_speed_2","wind_direction","air_pressure","SWup","SWdown","LWup","LWdown","CNR1_T_degC","ground_temperature"
"TS","RN","Volts","degC","degC","%","%","m/s","m/s","m/s","m/s","deg","hPa","W/m^2","W/m^2","W/m^2","W/m^2","degC","degC"
"","","Min","Avg","Avg","Smp","Smp","Avg","Avg","Max","Max","Smp","Avg","Avg","Avg","Avg","Avg","Avg","Avg"
"2026-03-18 14:58:00",1262,13.45,-0.489,-0.336,48.49,47.79,4.109,5.636,6.384,8.13,24.76,997.9249,20.64,25.89,300.9,289.7,-0.721,-3.115
"2026-03-18 14:59:00",1263,13.41,-0.437,-0.34,50.21,48.95,3.1,4.724,4.324,6.37,33.67,997.9757,21.1,26.18,300.5,289,-0.735,-3.169
"2026-03-18 15:00:00",1264,13.45,-0.527,-0.4,47.51,46.15,3.485,5.041,5.354,6.958,43.59,997.9833,19.91,24.83,300.5,289.3,-0.763,-3.194
"2026-03-18 15:01:00",1265,13.45,-0.457,-0.333,49.06,48.8,3.264,4.464,4.685,6.566,52.19,997.9379,19.97,24.68,300.7,289.7,-0.712,-3.208
"2026-03-18 15:02:00",1266,13.46,-0.427,-0.335,49.43,49.17,5.346,6.769,8.13,9.31,42.86,997.8955,19.82,24.47,300.6,289.7,-0.735,-3.217
"2026-03-18 15:03:00",1267,13.46,-0.508,-0.401,52.36,52.4,6.158,7.705,7.825,10.29,31.19,997.8564,19.62,24.16,300.7,289.5,-0.774,-3.226
"2026-03-18 15:04:00",1268,13.46,-0.616,-0.471,51.79,49.16,8.16,10.31,11.22,13.43,48.34,997.7552,19.18,23.61,301,289.5,-0.805,-3.239
"2026-03-18 15:05:00",1269,13.46,-0.559,-0.38,46.89,45.2,6.719,8.04,11.53,12.45,51.68,997.7974,18.75,23.17,301.3,289.5,-0.768,-3.267
"2026-03-18 15:06:00",1270,13.46,-0.418,-0.322,50.21,48.8,5.598,7.216,7.156,8.82,16.11,997.8135,19.7,24.09,300.9,288.9,-0.753,-3.284
"2026-03-18 15:07:00",1271,13.45,-0.483,-0.382,47.04,45.34,6.672,8.02,10.09,12.05,46.13,997.7371,18.84,23.24,300.9,289.2,-0.804,-3.295
"2026-03-18 15:08:00",1272,13.46,-0.384,-0.308,45.72,44.48,6.06,7.09,8.19,9.41,55.35,997.7422,18.31,22.72,301.2,289.5,-0.739,-3.304
"2026-03-18 15:09:00",1273,13.46,-0.247,-0.201,46.38,45.02,5.33,6.81,8.49,11.47,12.68,997.7721,18.84,23.18,301.3,289.4,-0.634,-3.313
"2026-03-18 15:10:00",1274,13.46,-0.158,-0.093,44.65,44.94,7.401,8.74,9.88,11.37,6.901,997.7139,18.81,23.18,301.5,288.9,-0.595,-3.318
"2026-03-18 15:11:00",1275,13.46,-0.203,-0.177,48.48,48.53,5.903,7.04,8.55,9.31,43.99,997.8329,19.09,23.47,301,288.2,-0.633,-3.312
"2026-03-18 15:12:00",1276,13.46,-0.422,-0.347,47.42,47.02,4.727,5.943,5.817,7.252,42.17,997.8585,17.49,21.63,300.7,288.4,-0.736,-3.311
"2026-03-18 15:13:00",1277,13.46,-0.412,-0.318,47.57,45.95,6.385,7.923,9.27,10.78,36.18,997.802,16.7,20.59,300.9,289.2,-0.74,-3.311
"2026-03-18 15:14:00",1278,13.46,-0.278,-0.185,43.95,43.54,5.031,6.033,7.516,8.33,41.45,997.8568,16.14,19.92,301.4,289.6,-0.654,-3.318
"2026-03-18 15:15:00",1279,13.46,-0.062,-0.038,44.45,44.16,1.468,2.365,2.523,3.43,51.16,997.8162,17.25,20.99,301.2,289.8,-0.561,-3.315
"2026-03-18 15:16:00",1280,13.46,-0.028,-0.051,46.46,46.94,3.133,4.355,4.685,5.488,29.66,997.7878,16.99,20.68,300.7,289.7,-0.59,-3.309
"2026-03-18 15:17:00",1281,13.46,-0.186,-0.183,47.71,46.62,3.52,4.651,5.714,7.056,61.52,997.7955,16.21,19.76,300.6,289.9,-0.641,-3.305
"2026-03-18 15:18:00",1282,13.46,-0.246,-0.212,44.41,44.26,2.219,3.108,3.089,4.116,29.64,997.7938,15.34,18.85,300.5,290,-0.658,-3.304
"2026-03-18 15:19:00",1283,13.46,-0.262,-0.252,48.63,50.56,3.736,4.902,6.744,7.35,47.18,997.7699,15.43,18.81,300.4,289.5,-0.66,-3.3
"2026-03-18 15:20:00",1284,13.46,-0.406,-0.388,47.33,46.02,5.972,7.727,7.722,9.41,31.61,997.6591,15.06,18.42,300.5,289.6,-0.72,-3.309
"2026-03-18 15:21:00",1285,13.46,-0.41,-0.339,49.51,49.3,7.073,8.57,9.99,10.39,40.29,997.6111,15.12,18.48,300.9,289.6,-0.718,-3.325
"2026-03-18 15:22:00",1286,13.46,-0.494,-0.415,52.17,50.05,5.066,6.386,7.516,8.53,65.31,997.6693,14.99,18.48,300.8,289.4,-0.779,-3.344
"2026-03-18 15:23:00",1287,13.46,-0.533,-0.417,47.72,47.08,4.709,5.82,5.611,6.958,22.23,997.6744,15.02,18.39,300.8,289.1,-0.772,-3.353
"2026-03-18 15:24:00",1288,13.46,-0.51,-0.424,49.71,48.77,3.726,5.18,5.817,7.644,35.1,997.6929,15.46,18.94,300.5,288.8,-0.79,-3.351
"2026-03-18 15:25:00",1289,13.46,-0.592,-0.485,50.44,48.19,5.482,7.068,6.692,8.33,40.8,997.6332,15.26,18.84,300.4,288.8,-0.849,-3.351
"2026-03-18 15:26:00",1290,13.46,-0.593,-0.464,49.61,48.52,4.955,5.964,7.156,8.04,65.56,997.6558,15.34,19.01,300.7,289,-0.844,-3.351
"2026-03-18 15:27:00",1291,13.46,-0.54,-0.437,50.55,49.55,4.663,5.889,6.538,7.546,52.62,997.6296,16.05,19.83,300.9,288.7,-0.802,-3.353
"2026-03-18 15:28:00",1292,13.46,-0.559,-0.445,50.5,47.95,3.703,4.836,5.457,5.88,62.99,997.5762,16.51,20.42,300.7,289.1,-0.819,-3.356
"2026-03-18 15:29:00",1293,13.46,-0.606,-0.449,51.55,50.32,5.296,6.85,7.259,9.51,31.14,997.5197,16.69,20.61,300.7,288.8,-0.846,-3.356
"2026-03-18 15:30:00",1294,13.46,-0.675,-0.518,48.47,45.61,7.612,9.33,11.38,13.43,25.76,997.4683,16.43,20.44,300.8,289,-0.891,-3.369
"2026-03-18 15:31:00",1295,13.46,-0.598,-0.451,49.73,48.37,5.195,6.712,6.281,7.742,18.75,997.5112,16.69,20.74,300.7,288.7,-0.892,-3.379
"2026-03-18 15:32:00",1296,13.46,-0.511,-0.385,46.19,45,4.341,5.471,6.229,7.35,9.27,997.4814,16.73,20.89,300.7,288.7,-0.88,-3.38
"2026-03-18 15:33:00",1297,13.46,-0.402,-0.329,49.7,49.18,4.106,5.504,4.736,6.076,12.85,997.4506,17.76,22.25,300.4,287.9,-0.875,-3.368
"2026-03-18 15:34:00",1298,13.46,-0.513,-0.398,46.95,45.85,4.49,5.93,7.207,8.82,16.5,997.3912,17.51,22.16,300.2,287.7,-0.925,-3.357
"2026-03-18 15:35:00",1299,13.46,-0.455,-0.356,48.21,48.28,4.041,5.168,7.259,7.938,40.68,997.3514,17.84,22.6,300.6,287.2,-0.863,-3.351
"2026-03-18 15:36:00",1300,13.46,-0.469,-0.414,49.28,47.94,5.874,7.42,7.825,9.41,47.09,997.3219,18.88,23.71,300.5,286.6,-0.854,-3.349
"2026-03-18 15:37:00",1301,13.46,-0.434,-0.332,48.64,47.66,6.488,7.866,8.44,10.19,52.43,997.3173,18.86,23.85,300.9,286.7,-0.828,-3.355
"2026-03-18 15:38:00",1302,13.46,-0.381,-0.307,48.01,46.81,6.394,7.707,9.01,10.29,48.88,997.3352,19.07,24.1,300.9,286.5,-0.802,-3.363
"2026-03-18 15:39:00",1303,13.46,-0.393,-0.347,50.68,51.91,6.485,7.756,9.06,10.29,32.36,997.2433,19.35,24.39,300.8,286.3,-0.8,-3.376
"2026-03-18 15:40:00",1304,13.46,-0.54,-0.473,49.94,48.91,8.91,10.73,12.3,14.11,34.28,997.0989,18.72,23.69,301,286.5,-0.856,-3.379
"2026-03-18 15:41:00",1305,13.46,-0.437,-0.331,49.03,47.9,7.605,9.27,10.35,11.96,31.25,997.1776,18.71,23.67,301.4,286.4,-0.793,-3.39
"2026-03-18 15:42:00",1306,13.46,-0.367,-0.261,45.79,45.23,6.797,8.22,8.85,10.88,39.62,997.204,19.03,24.16,301.3,285.7,-0.775,-3.395
"2026-03-18 15:43:00",1307,13.46,-0.324,-0.253,48.44,48.32,5.135,6.419,7.156,8.23,34.53,997.203,19.64,24.83,301,285.3,-0.739,-3.39
"2026-03-18 15:44:00",1308,13.46,-0.369,-0.29,47.66,46.32,6.437,7.346,8.8,9.8,61.27,997.1608,19.02,24.25,301.2,287,-0.751,-3.382
"2026-03-18 15:45:00",1309,13.46,-0.215,-0.132,46.11,45.87,4.769,5.782,6.075,6.762,73.2,997.1765,19.16,24.36,301.6,288.1,-0.639,-3.378
"2026-03-18 15:46:00",1310,13.46,-0.047,0.015,44.46,44.05,2.839,3.656,4.427,5.292,46.21,997.1929,19.29,24.33,301.7,288.1,-0.519,-3.368
"2026-03-18 15:47:00",1311,13.46,0.097,0.117,44.36,44.03,2.922,3.851,4.376,5.488,38.02,997.1973,19.19,24.09,301.6,288.3,-0.441,-3.36
"2026-03-18 15:48:00",1312,13.46,0.158,0.15,46.11,44.39,0.698,1.971,1.287,2.744,10.56,997.2062,18.94,23.68,301,287.8,-0.435,-3.347
"2026-03-18 15:49:00",1313,13.46,0.078,0.071,45.79,45.43,2.878,4.014,4.17,5.292,354.5,997.1852,18.23,22.82,300.4,287.1,-0.476,-3.333
"2026-03-18 15:50:00",1314,13.46,-0.092,-0.082,45.48,46,3.391,4.323,5.508,6.37,33.31,997.139,17.7,22.33,300.4,286.9,-0.524,-3.317
"2026-03-18 15:51:00",1315,13.46,-0.193,-0.166,45.8,44.83,5.255,6.385,7.568,8.82,47.86,997.0616,17.6,22.26,300.7,287.2,-0.523,-3.315
"2026-03-18 15:52:00",1316,13.46,-0.065,-0.032,46.66,46.53,4.893,6.13,6.898,7.546,30.39,997.0506,17.82,22.61,301.4,287.5,-0.461,-3.32
"2026-03-18 15:53:00",1317,13.46,-0.094,-0.096,48.61,48.08,5.937,7.372,7.671,9.21,36.72,996.9945,18.46,23.35,300.9,286.7,-0.535,-3.332
"2026-03-18 15:54:00",1318,13.46,-0.319,-0.216,46.91,45.4,5.253,6.563,6.847,8.23,52.11,997.0092,17.05,21.76,300.8,287.1,-0.632,-3.342
"2026-03-18 15:55:00",1319,13.46,-0.364,-0.226,49.89,49.92,4.439,5.575,5.714,7.056,49.52,997.065,16.76,21.31,300.7,287,-0.655,-3.341
"2026-03-18 15:56:00",1320,13.45,-0.496,-0.372,50.47,49.56,5.012,6.249,6.538,7.644,55.94,997.022,16.63,21.17,300.6,287.3,-0.736,-3.341
"2026-03-18 15:57:00",1321,13.46,-0.497,-0.341,48.07,47.33,6.782,8.12,9.06,9.9,47.73,996.9529,16.1,20.6,301.2,287.9,-0.719,-3.343
"2026-03-18 15:58:00",1322,13.46,-0.433,-0.32,48.01,47.03,5.738,6.951,6.898,7.742,43.36,996.9908,17,21.52,300.9,288,-0.726,-3.351
"2026-03-18 15:59:00",1323,13.46,-0.509,-0.399,50.15,49.75,4.914,6.137,5.972,7.448,28.27,997.0031,16.62,21.18,300.6,287.6,-0.794,-3.356
"2026-03-18 16:00:00",1324,13.46,-0.604,-0.489,50,48.71,3.981,5.344,5.354,6.566,14.38,996.9706,16.22,20.71,300.3,287.3,-0.855,-3.359
"2026-03-18 16:01:00",1325,13.46,-0.618,-0.476,48.89,46.35,5.949,7.547,7.053,9.02,27.36,996.8677,16.09,20.6,300.5,287.2,-0.877,-3.356
"2026-03-18 16:02:00",1326,13.46,-0.586,-0.425,48.06,46.8,4.569,5.776,5.869,7.252,36.3,996.8237,16.07,20.72,300.5,287.1,-0.875,-3.351
"2026-03-18 16:03:00",1327,13.46,-0.576,-0.459,51.52,51.44,4.249,5.589,5.405,6.468,18.83,996.7794,16.73,21.52,300.2,286.5,-0.892,-3.35
"2026-03-18 16:04:00",1328,13.46,-0.705,-0.587,49.95,47.78,4.269,5.743,5.714,6.664,29.01,996.7803,16.71,21.7,300,286.6,-0.977,-3.35
"2026-03-18 16:05:00",1329,13.45,-0.749,-0.555,49.41,47.95,4.849,6.284,6.126,7.644,43.1,996.769,16.15,21.09,300.3,287.6,-0.987,-3.348
"2026-03-18 16:06:00",1330,13.46,-0.641,-0.458,46.24,44.97,5.612,6.779,7.259,8.72,34.12,996.7532,15.62,20.3,300.7,287.8,-0.935,-3.351
"2026-03-18 16:07:00",1331,13.46,-0.407,-0.307,47.42,47.14,3.972,5.093,6.435,6.958,29.7,996.763,16.14,20.6,300.8,288.1,-0.841,-3.357
"2026-03-18 16:08:00",1332,13.46,-0.377,-0.344,50.03,49.23,5.244,6.627,6.847,8.04,35.15,996.6992,15.94,20.29,300.5,288.5,-0.867,-3.354
"2026-03-18 16:09:00",1333,13.45,-0.486,-0.41,47.4,46.13,5.474,6.712,7.001,8.53,51.28,996.6698,14.89,19.09,300.7,288.9,-0.885,-3.359
"2026-03-18 16:10:00",1334,13.46,-0.455,-0.375,47.45,46.7,4.65,5.802,6.126,7.056,27.01,996.7435,14.72,18.69,300.7,287.9,-0.863,-3.36
"2026-03-18 16:11:00",1335,13.46,-0.471,-0.407,48.01,47.44,3.73,4.962,4.479,5.782,0.16,996.7897,14.58,18.36,300.3,287,-0.889,-3.358
"2026-03-18 16:12:00",1336,13.46,-0.53,-0.44,47.2,47.12,3.245,4.199,4.324,5.586,354.5,996.7298,14.01,17.76,300,286.6,-0.924,-3.353
"2026-03-18 16:13:00",1337,13.46,-0.539,-0.468,48.19,47.03,2.326,3.025,2.986,4.018,321.6,996.6917,14.26,18.08,299.7,286.7,-0.93,-3.341
"2026-03-18 16:14:00",1338,13.46,-0.593,-0.529,49.68,49.98,2.865,3.931,4.633,5.488,59.31,996.6922,13.97,17.76,299.6,286.2,-0.956,-3.335
"2026-03-18 16:15:00",1339,13.46,-0.672,-0.61,50.33,49.64,3.272,4.351,4.839,5.488,42.04,996.6503,13.77,17.5,299.4,283.9,-1.007,-3.334
"2026-03-18 16:16:00",1340,13.46,-0.72,-0.666,49.15,48.15,3.724,4.825,4.942,6.272,32.18,996.5988,13.76,17.45,299.3,282.1,-1.035,-3.336
"2026-03-18 16:17:00",1341,13.45,-0.752,-0.68,48.27,47.38,5.002,6.27,7.516,8.13,42.17,996.5856,13.37,17.06,299.6,283.3,-1.043,-3.345
"2026-03-18 16:18:00",1342,13.46,-0.693,-0.631,50.85,49.99,4.571,5.789,6.795,7.644,28.7,996.584,13.44,17.04,299.9,283.9,-1.024,-3.355
"2026-03-18 16:19:00",1343,13.46,-0.734,-0.642,49.08,46.65,3.74,4.946,4.53,5.586,27.83,996.61,13.04,16.52,299.3,283.7,-1.096,-3.364
"2026-03-18 16:20:00",1344,13.46,-0.666,-0.533,47.27,46.1,3.472,4.53,6.589,8.04,41.07,996.6227,11.76,14.94,299.8,284.8,-1.05,-3.37
"2026-03-18 16:21:00",1345,13.46,-0.466,-0.375,45.25,45.02,1.994,2.595,3.552,4.312,34.52,996.5414,11.99,14.9,300,284.9,-0.95,-3.375
"2026-03-18 16:22:00",1346,13.46,-0.294,-0.263,46.36,46.35,2.535,3.605,5.045,6.076,28.16,996.5378,12.27,15.02,300,285.7,-0.885,-3.368
"2026-03-18 16:23:00",1347,13.45,-0.272,-0.274,45.4,45.67,3.23,4.058,4.427,5.292,0.189,996.5321,11.99,14.83,299.9,286.5,-0.895,-3.365
"2026-03-18 16:24:00",1348,13.46,-0.288,-0.273,45.16,45.78,2.438,3.241,3.964,4.998,24.43,996.4728,11.2,14.15,299.9,287.2,-0.879,-3.357
"2026-03-18 16:25:00",1349,13.46,-0.264,-0.275,46.85,46.91,2.286,3.315,3.964,4.802,34.09,996.4785,11.26,14.25,299.9,287.9,-0.858,-3.356
"2026-03-18 16:26:00",1350,13.46,-0.345,-0.343,49.37,49.98,3.378,4.346,4.015,5.096,49.07,996.4882,10.93,13.88,299.9,288.2,-0.879,-3.354
"2026-03-18 16:27:00",1351,13.46,-0.505,-0.483,49.34,48.74,4.137,5.488,6.126,7.546,27.11,996.4719,9.98,12.7,299.8,288.2,-0.961,-3.363
"2026-03-18 16:28:00",1352,13.46,-0.579,-0.507,49.39,48.91,5.585,7.088,7.825,9.9,30.64,996.3829,9.12,11.61,300.3,288.6,-0.962,-3.369
"2026-03-18 16:29:00",1353,13.46,-0.602,-0.507,51.4,49.23,8.32,10.05,10.6,12.64,40.36,996.2541,8.69,11.09,300.7,289.6,-0.974,-3.384
"2026-03-18 16:30:00",1354,13.46,-0.616,-0.468,50.88,47.77,7.579,9,9.63,10.19,52.85,996.3579,8.56,10.87,300.9,289.2,-0.991,-3.396
"2026-03-18 16:31:00",1355,13.46,-0.54,-0.381,47.74,46.18,6.07,7.178,9.78,10.39,42.66,996.441,7.779,9.83,301.3,288.7,-0.929,-3.408
"2026-03-18 16:32:00",1356,13.46,-0.437,-0.32,46.96,46.28,3.323,4.218,4.891,5.39,60.33,996.4136,8.07,9.98,300.9,288,-0.88,-3.416
"2026-03-18 16:33:00",1357,13.45,-0.394,-0.319,51.37,51.69,4.289,5.527,8.13,8.82,60.11,996.3996,7.973,9.75,300.8,287.9,-0.848,-3.41
"2026-03-18 16:34:00",1358,13.46,-0.525,-0.45,54.54,53.59,5.999,7.393,7.876,9.31,47.96,996.3278,7.926,9.63,300.9,287.7,-0.894,-3.412
"2026-03-18 16:35:00",1359,13.46,-0.77,-0.634,52.74,51.95,5.62,6.859,8.29,9.51,37.06,996.3002,7.021,8.75,300.6,288.1,-1.011,-3.421
"2026-03-18 16:36:00",1360,13.46,-0.737,-0.579,51.56,50.03,7.598,9.31,9.47,11.47,35.89,996.1993,6.401,7.955,301,288.9,-0.982,-3.428
"2026-03-18 16:37:00",1361,13.46,-0.707,-0.549,52.26,51.4,7.19,8.74,9.27,10.58,44.11,996.2075,6.858,8.48,300.9,288.1,-1.028,-3.436
"2026-03-18 16:38:00",1362,13.45,-0.745,-0.591,50.33,49.24,4.521,5.548,6.847,7.154,5.269,996.2236,6.189,7.732,300.8,287.8,-1.04,-3.444
"2026-03-18 16:39:00",1363,13.45,-0.705,-0.594,50.75,48.79,4.17,5.387,8.85,10.49,34.82,996.1614,6.331,7.781,300.5,288.2,-1.038,-3.433
"2026-03-18 16:40:00",1364,13.46,-0.575,-0.468,47.76,45.84,6.291,7.763,8.19,9.41,25.55,996.0503,5.863,7.2,301.2,289,-0.975,-3.428
"2026-03-18 16:41:00",1365,13.46,-0.397,-0.304,48.55,48.16,5.239,6.349,6.178,7.448,29.54,996.0367,6.08,7.425,301.4,289,-0.875,-3.424
"2026-03-18 16:42:00",1366,13.45,-0.369,-0.325,48.62,46.9,5.27,6.547,7.979,9.41,58.41,995.9915,6.457,7.812,301,289.7,-0.877,-3.417
"2026-03-18 16:43:00",1367,13.46,-0.326,-0.254,51.21,51.7,5.909,6.764,7.773,8.33,51.84,995.9519,6,7.266,301.3,289.8,-0.85,-3.417
"2026-03-18 16:44:00",1368,13.46,-0.356,-0.288,50.49,49.33,7.979,9.62,10.6,12.15,52.28,995.908,5.502,6.724,301.3,290,-0.889,-3.42
"2026-03-18 16:45:00",1369,13.46,-0.421,-0.291,48.85,46.38,6.931,8.21,8.39,10.09,28.38,995.9863,5.035,6.165,301.4,290.4,-0.899,-3.426
"2026-03-18 16:46:00",1370,13.46,-0.388,-0.263,48.29,47.13,5.663,7.055,7.362,8.62,16.83,995.9869,4.747,5.749,301.5,291,-0.855,-3.427
"2026-03-18 16:47:00",1371,13.46,-0.336,-0.22,46.67,45.79,5.274,6.624,7.259,8.53,26.72,995.9745,4.412,5.366,301.5,291.2,-0.85,-3.42
"2026-03-18 16:48:00",1372,13.46,-0.256,-0.164,48.63,46.78,4.911,6.246,6.126,7.35,35.96,995.9861,4.576,5.437,301.5,291.3,-0.795,-3.401
"2026-03-18 16:49:00",1373,13.46,-0.258,-0.179,49.18,49.26,6.234,7.546,7.619,9.31,31.93,995.957,4.142,4.941,301.5,291.4,-0.789,-3.387
"2026-03-18 16:50:00",1374,13.46,-0.289,-0.212,46.1,45.46,6.887,8.06,8.65,10,27.61,995.963,3.729,4.423,301.6,292,-0.798,-3.385
"2026-03-18 16:51:00",1375,13.46,-0.247,-0.196,50.94,49.85,5.059,6.373,6.538,7.938,39.16,996.0471,4.097,4.835,301.5,291.8,-0.773,-3.38
"2026-03-18 16:52:00",1376,13.46,-0.373,-0.285,47.69,45.87,6.153,7.361,8.55,10.58,50.87,996.0467,3.192,3.86,301.6,292.2,-0.791,-3.381
"2026-03-18 16:53:00",1377,13.46,-0.257,-0.148,46.11,44.97,5.686,6.507,7.362,7.84,65.61,996.0748,3.007,3.62,302.1,292.4,-0.691,-3.377
"2026-03-18 16:54:00",1378,13.46,-0.076,-0.013,45.06,44.49,3.361,4.321,4.324,5.586,24.69,996.1226,3.721,4.299,301.9,292.2,-0.609,-3.371
"2026-03-18 16:55:00",1379,13.46,-0.004,0.022,47.35,47.82,2.539,3.446,3.449,4.508,42.04,996.1536,4.042,4.587,301.5,291.7,-0.58,-3.363
"2026-03-18 16:56:00",1380,13.46,-0.099,-0.102,49.43,48.87,2.43,3.455,3.449,4.41,22.06,996.1639,3.78,4.33,301,291.2,-0.647,-3.353
"2026-03-18 16:57:00",1381,13.46,-0.32,-0.258,50.27,49.06,1.282,2.189,1.956,2.744,30.3,996.1385,3.016,3.518,300.4,291.2,-0.757,-3.345
"2026-03-18 16:58:00",1382,13.46,-0.502,-0.379,49.05,47.02,1.82,2.449,2.42,3.234,32.89,996.1293,2.511,3.003,300,291.4,-0.86,-3.339
"2026-03-18 16:59:00",1383,13.46,-0.588,-0.423,49.09,48.34,1.132,1.933,2.317,2.842,4.441,996.0533,1.92,2.349,300.3,292.1,-0.875,-3.328
"2026-03-18 17:00:00",1384,13.46,-0.552,-0.424,51.66,49.87,1.712,2.637,2.008,3.234,41.97,996.0515,2.983,3.486,299.8,291.4,-0.923,-3.322
"2026-03-18 17:01:00",1385,13.46,-0.655,-0.507,50.59,50.08,3.243,4.296,4.685,5.978,31,995.9744,2.015,2.569,300,292.1,-0.999,-3.321
"2026-03-18 17:02:00",1386,13.46,-0.629,-0.474,49.46,48.65,3.178,4.263,4.015,4.998,29,995.9688,2.591,3.141,300.3,292.1,-0.991,-3.328
"2026-03-18 17:03:00",1387,13.46,-0.525,-0.396,50.3,49.77,4.708,5.956,7.156,8.72,44.74,995.9208,2.468,3.102,300.8,292.3,-0.974,-3.334
"2026-03-18 17:04:00",1388,13.46,-0.452,-0.337,50.48,47.25,6.719,7.891,8.96,9.51,74.88,995.8691,2.988,3.603,301.3,292,-0.918,-3.338
"2026-03-18 17:05:00",1389,13.46,-0.334,-0.194,48.04,47.2,5.288,5.948,7.362,7.938,64.3,995.9001,3.105,3.733,301.7,291.7,-0.83,-3.347
"2026-03-18 17:06:00",1390,13.46,-0.198,-0.118,49.66,49.87,3.264,4.007,4.53,5.684,70.86,995.9431,3.727,4.457,301.6,291.7,-0.774,-3.346
"2026-03-18 17:07:00",1391,13.46,-0.176,-0.094,47.68,45.64,4.473,5.817,6.589,7.546,82.8,995.9116,3.588,4.248,301.8,292.2,-0.746,-3.344
"2026-03-18 17:08:00",1392,13.46,-0.147,-0.038,50.22,48.04,5.948,7.096,8.19,9.11,16.3,995.8199,3.825,4.628,301.9,292,-0.696,-3.343
"2026-03-18 17:09:00",1393,13.46,-0.237,-0.12,50.49,48.12,3.998,5.375,4.788,6.076,7.415,995.8428,3.999,4.897,301.5,291.5,-0.74,-3.351
"2026-03-18 17:10:00",1394,13.46,-0.364,-0.221,51.61,48.9,4.516,5.941,5.817,6.566,0.106,995.812,3.801,4.851,301.2,291.7,-0.8,-3.347
"2026-03-18 17:11:00",1395,13.46,-0.49,-0.288,51.9,50.77,4.128,5.485,5.251,6.958,20.63,995.7917,3.499,4.672,301.1,291,-0.847,-3.336
"2026-03-18 17:12:00",1396,13.46,-0.543,-0.369,51.65,50,4.692,6.006,6.126,7.742,53.98,995.7381,3.711,4.95,301,289.5,-0.882,-3.323
"2026-03-18 17:13:00",1397,13.46,-0.498,-0.316,48.73,47.2,4.267,5.247,5.405,6.37,70.37,995.7177,3.244,4.44,301.5,291,-0.843,-3.321
"2026-03-18 17:14:00",1398,13.46,-0.238,-0.105,49.38,47.74,4.13,5.017,5.199,6.076,64.84,995.7413,4.274,5.401,302.1,292.9,-0.712,-3.323
"2026-03-18 17:15:00",1399,13.46,-0.136,-0.044,50.03,47.58,4.416,5.414,6.332,6.762,39.62,995.7635,4.673,5.998,302,293.6,-0.707,-3.326
"2026-03-18 17:16:00",1400,13.46,-0.12,-0.035,49.51,47.27,4.046,5.104,4.942,5.88,51.95,995.741,4.451,5.8,301.9,292.5,-0.715,-3.326
"2026-03-18 17:17:00",1401,13.46,-0.109,0.026,48.18,47.38,4.015,4.886,4.839,5.586,59.46,995.7692,4.21,5.628,301.8,292.7,-0.719,-3.324
"2026-03-18 17:18:00",1402,13.46,-0.036,0.114,48.09,47.31,3.016,3.968,3.81,4.802,79.29,995.7537,4.248,5.683,302.2,293.1,-0.653,-3.326
"2026-03-18 17:19:00",1403,13.45,0.029,0.172,48.58,47.04,2.74,3.695,3.346,4.312,51.2,995.7055,4.94,6.52,302,290.6,-0.588,-3.324
"2026-03-18 17:20:00",1404,13.46,0.01,0.125,50.16,49.51,3.013,3.874,4.015,4.998,62.3,995.6752,5.549,7.304,301.6,289.9,-0.591,-3.315
"2026-03-18 17:21:00",1405,13.46,-0.118,0.004,50.07,49.48,3.27,4.193,4.067,5.096,51.35,995.6638,4.806,6.469,301.6,290.5,-0.629,-3.315
"2026-03-18 17:22:00",1406,13.46,-0.246,-0.133,53.68,52.79,4.756,5.87,7.104,7.742,26.02,995.6753,4.536,6.167,301.6,291.3,-0.673,-3.317
"2026-03-18 17:23:00",1407,13.46,-0.279,-0.148,51.62,50.31,6.093,7.36,8.34,9.21,33.21,995.5719,4.115,5.705,302.3,292.7,-0.651,-3.318
"2026-03-18 17:24:00",1408,13.46,-0.172,-0.062,50.89,50.11,4.506,5.668,5.611,7.154,43.84,995.5771,4.395,5.989,302.2,290.8,-0.627,-3.323
"2026-03-18 17:25:00",1409,13.46,-0.188,-0.103,50.93,50.31,5.088,6.374,6.384,7.546,51.35,995.5631,4.545,6.103,301.9,288.9,-0.635,-3.325
"2026-03-18 17:26:00",1410,13.46,-0.298,-0.158,51.08,50.24,6.65,8.2,8.29,10,35.83,995.473,4.343,5.918,301.9,289.3,-0.68,-3.323
"2026-03-18 17:27:00",1411,13.46,-0.298,-0.168,49.54,48.23,7.236,8.62,13.08,13.92,46.93,995.3968,3.766,5.328,302.3,290.1,-0.664,-3.327
"2026-03-18 17:28:00",1412,13.45,-0.119,-0.058,50.62,50.68,6.117,7.501,7.362,8.82,36.81,995.4508,4.476,6.01,302.5,288.5,-0.571,-3.33
"2026-03-18 17:29:00",1413,13.46,-0.2,-0.158,50.62,50.99,6.294,7.716,8.34,9.8,38.59,995.3856,4.653,6.207,301.8,286,-0.637,-3.331
"2026-03-18 17:30:00",1414,13.46,-0.319,-0.26,52.17,53.02,7.377,8.6,9.68,11.17,28.02,995.3116,4.215,5.798,301.7,285,-0.693,-3.323
"2026-03-18 17:31:00",1415,13.46,-0.411,-0.361,54.59,53.5,8.15,9.89,9.73,12.15,47.32,995.2811,4.355,5.988,301.9,285.9,-0.732,-3.321
"2026-03-18 17:32:00",1416,13.46,-0.567,-0.467,54.44,52.42,9.56,11.48,11.38,13.33,33.32,995.2404,4.212,5.812,301.8,284.9,-0.811,-3.324
"2026-03-18 17:33:00",1417,13.46,-0.557,-0.414,55.21,55.34,8.06,9.43,9.58,10.88,44.78,995.3109,3.805,5.36,301.8,282.6,-0.835,-3.33
"2026-03-18 17:34:00",1418,13.46,-0.6,-0.495,56.52,55.5,7.258,8.92,8.75,10.29,44.24,995.301,4.086,5.62,301.6,283.3,-0.907,-3.33
"2026-03-18 17:35:00",1419,13.46,-0.738,-0.623,57.53,56.81,6.443,7.758,8.08,9.41,45.44,995.2867,4.05,5.554,301.3,285,-0.996,-3.326
"2026-03-18 17:36:00",1420,13.46,-0.891,-0.758,56.63,54.37,6.45,7.957,8.85,10.39,51.2,995.2719,3.339,4.769,301.2,287.5,-1.081,-3.323
"2026-03-18 17:37:00",1421,13.46,-0.873,-0.689,52.97,50.3,7.046,8.46,10.4,10.68,44.38,995.2602,2.925,4.226,301.8,290.3,-1.053,-3.321
"2026-03-18 17:38:00",1422,13.46,-0.626,-0.504,53.87,54.25,6.415,7.595,9.32,10.78,45.12,995.2033,3.161,4.36,302,291.8,-0.965,-3.32
"2026-03-18 17:39:00",1423,13.46,-0.579,-0.53,54.93,52.55,8.22,9.92,10.45,12.05,44.55,995.0825,3.416,4.558,302,291.9,-0.971,-3.32
"2026-03-18 17:40:00",1424,13.46,-0.586,-0.473,54.15,52.41,7.441,8.76,9.11,10.49,44.83,995.128,2.995,4.083,302.1,292.1,-0.947,-3.322
"2026-03-18 17:41:00",1425,13.46,-0.532,-0.41,51.56,50.39,7.197,8.62,9.47,11.56,23.11,995.101,2.39,3.403,302.4,292.9,-0.91,-3.322
"2026-03-18 17:42:00",1426,13.46,-0.36,-0.278,53.03,52.51,7.024,8.62,8.8,10.09,33.7,995.1467,3.175,4.152,302.3,292.6,-0.854,-3.316
"2026-03-18 17:43:00",1427,13.46,-0.473,-0.394,54.14,54.23,7.613,9.36,9.21,11.07,47.27,995.1057,2.86,3.87,302.1,292.9,-0.906,-3.309
"2026-03-18 17:44:00",1428,13.46,-0.585,-0.484,54.54,53.58,7.396,8.78,9.73,10.88,51.77,995.1412,2.354,3.309,302.1,293.4,-0.942,-3.306
"2026-03-18 17:45:00",1429,13.46,-0.641,-0.532,54.71,53.41,8.12,9.87,11.63,13.72,29.44,994.9926,2.216,3.106,302.2,293.5,-0.955,-3.304
"2026-03-18 17:46:00",1430,13.45,-0.645,-0.508,52.41,49.54,8.97,10.87,11.12,12.25,36.45,995.0024,1.925,2.753,302.4,293.5,-0.946,-3.307
"2026-03-18 17:47:00",1431,13.46,-0.454,-0.324,51.43,49.26,6.628,7.943,9.94,11.17,38.42,995.0305,1.673,2.373,302.8,293.5,-0.831,-3.307
"2026-03-18 17:48:00",1432,13.46,-0.28,-0.209,51.71,49.63,6.194,7.778,9.42,10.98,41.85,994.9777,2.335,3.01,302.7,293.6,-0.758,-3.291
"2026-03-18 17:49:00",1433,13.45,-0.26,-0.17,53.25,52.97,7.936,9.66,9.83,11.66,30.96,994.8865,2.195,2.859,302.8,293.8,-0.744,-3.273
"2026-03-18 17:50:00",1434,13.45,-0.278,-0.156,49.96,48.88,7.097,8.48,10.45,12.15,45.86,994.9161,1.657,2.342,302.8,293.9,-0.731,-3.269
"2026-03-18 17:51:00",1435,13.46,-0.188,-0.091,52.21,52.3,7.477,9.05,10.4,11.27,18,994.888,1.994,2.57,302.9,294.1,-0.652,-3.26
"2026-03-18 17:52:00",1436,13.46,-0.233,-0.151,51.93,49.99,6.586,7.968,8.75,10.19,41.4,994.8766,1.884,2.489,302.6,293.8,-0.698,-3.245
"2026-03-18 17:53:00",1437,13.46,-0.264,-0.186,50.43,49.58,6.597,7.829,8.49,9.6,48.61,994.8844,1.371,1.931,302.5,293.3,-0.696,-3.23
"2026-03-18 17:54:00",1438,13.46,-0.321,-0.25,49.49,48.4,5.428,6.755,8.34,9.51,31.57,994.8962,1.342,1.766,302.3,291.8,-0.726,-3.221
"2026-03-18 17:55:00",1439,13.46,-0.312,-0.245,49.75,49.24,6.025,7.194,7.619,8.53,45.06,994.8889,1.058,1.416,302.2,290,-0.707,-3.216
"2026-03-18 17:56:00",1440,13.46,-0.288,-0.215,52.7,52.77,6.917,8.12,9.42,10.39,43.83,994.8551,1.109,1.368,302.2,289.6,-0.716,-3.207
"2026-03-18 17:57:00",1441,13.46,-0.346,-0.271,50.57,50.01,6.948,8.5,9.32,10.68,46.92,994.7955,1.056,1.206,302.1,290.4,-0.749,-3.212
"2026-03-18 17:58:00",1442,13.46,-0.369,-0.277,52.44,50.51,6.938,8.41,8.49,9.6,46.58,994.7869,1.107,1.262,302,289.9,-0.778,-3.219
"2026-03-18 17:59:00",1443,13.46,-0.48,-0.349,53.15,53.32,5.333,6.406,6.744,7.938,48.12,994.7953,0.781,0.87,301.5,287.4,-0.863,-3.222
"2026-03-18 18:00:00",1444,13.46,-0.612,-0.469,54.35,53.44,4.377,5.728,5.199,6.468,44.27,994.7847,0.574,0.569,301.2,288.1,-0.932,-3.218
"2026-03-18 18:01:00",1445,13.46,-0.71,-0.543,52.94,52.05,5.948,7.391,8.08,9.41,40.01,994.7463,-0.009,-0.091,301.4,289.6,-0.95,-3.214
"2026-03-18 18:02:00",1446,13.46,-0.663,-0.527,52.86,51.07,7.096,8.74,9.52,11.56,44.71,994.675,0.524,0.447,301.6,288.5,-0.944,-3.217
"2026-03-18 18:03:00",1447,13.46,-0.619,-0.477,52.93,50.61,7.888,9.44,10.76,12.54,29.19,994.6396,0.308,0.188,301.8,288,-0.941,-3.222
"2026-03-18 18:04:00",1448,13.45,-0.484,-0.352,49.97,48.87,7.439,8.79,8.91,10.39,55.56,994.6191,0.221,0.101,302.2,287.5,-0.887,-3.23
"2026-03-18 18:05:00",1449,13.46,-0.339,-0.242,52.57,52.8,5.674,6.865,8.03,8.43,39.93,994.6365,0.838,0.714,302.1,286.3,-0.822,-3.234
"2026-03-18 18:06:00",1450,13.46,-0.394,-0.298,53.11,52.58,5.189,6.469,6.178,7.35,47.47,994.6268,0.811,0.653,301.8,285.9,-0.842,-3.233
"2026-03-18 18:07:00",1451,13.46,-0.415,-0.29,52.56,52.07,6.242,7.498,7.671,8.62,37.3,994.5934,0.399,0.188,301.8,284.7,-0.833,-3.229
"2026-03-18 18:08:00",1452,13.46,-0.376,-0.238,51.24,49.78,5.254,6.624,7.259,8.33,16.3,994.5999,0.662,0.383,301.6,282,-0.803,-3.227
"2026-03-18 18:09:00",1453,13.46,-0.384,-0.26,52.35,51.87,4.816,6.198,7.516,8.82,41.62,994.619,0.771,0.509,301.1,282.4,-0.836,-3.226
"2026-03-18 18:10:00",1454,13.46,-0.411,-0.27,50.8,49.69,5.268,6.501,7.516,8.92,34.85,994.5954,0.239,-0.1,301.5,286.7,-0.827,-3.218
"2026-03-18 18:11:00",1455,13.46,-0.388,-0.297,52.92,53.36,4.091,5.349,5.92,7.938,36.04,994.6247,0.935,0.689,301.3,290.1,-0.838,-3.219
"2026-03-18 18:12:00",1456,13.46,-0.517,-0.407,52.25,51.44,5.867,7.194,7.156,8.04,43.43,994.5715,0.056,-0.162,301.6,291.6,-0.879,-3.211
"2026-03-18 18:13:00",1457,13.46,-0.531,-0.397,54.55,52.78,5.999,7.554,8.19,8.53,47.08,994.5681,0.417,0.26,301.7,291.7,-0.883,-3.216
"2026-03-18 18:14:00",1458,13.46,-0.55,-0.41,52.87,52.76,6.31,7.609,8.13,9.51,50.13,994.5165,-0.132,-0.32,302.1,292.2,-0.858,-3.221
"2026-03-18 18:15:00",1459,13.45,-0.455,-0.349,51.96,51.04,7.091,8.36,9.16,10.29,43.81,994.5043,0.348,0.261,302.1,291.3,-0.847,-3.223
"2026-03-18 18:16:00",1460,13.46,-0.384,-0.273,51.21,50.09,6.567,7.898,8.24,9.6,40.27,994.4922,0.376,0.239,302,290.2,-0.842,-3.229
"2026-03-18 18:17:00",1461,13.46,-0.369,-0.248,50.28,48.64,7.43,8.85,8.85,11.17,33.63,994.4446,0.192,0.042,302.2,289.9,-0.832,-3.229
"2026-03-18 18:18:00",1462,13.46,-0.271,-0.166,50.51,50.27,5.706,6.862,7.31,8.53,32.82,994.4732,0.221,0.051,302.4,290.5,-0.763,-3.232
"2026-03-18 18:19:00",1463,13.46,-0.235,-0.176,50.04,49.35,4.654,5.837,6.589,8.23,12.55,994.4693,0.607,0.462,302,289.1,-0.761,-3.232
"2026-03-18 18:20:00",1464,13.46,-0.242,-0.182,50.24,49.71,5.944,7.332,6.641,8.72,22.71,994.4207,0.447,0.299,302,288.3,-0.761,-3.223
"2026-03-18 18:21:00",1465,13.46,-0.234,-0.169,49.82,48.86,4.663,5.727,6.229,7.154,30.15,994.4761,0.279,0.176,302,289.5,-0.775,-3.204
"2026-03-18 18:22:00",1466,13.46,-0.237,-0.169,53.2,53.46,4.538,5.78,5.354,6.37,46.1,994.4956,0.593,0.434,301.8,290.3,-0.77,-3.195
"2026-03-18 18:23:00",1467,13.46,-0.405,-0.29,52.32,50.76,3.891,5.018,5.354,6.468,34.47,994.4756,0.083,-0.074,301.5,290.5,-0.847,-3.19
"2026-03-18 18:24:00",1468,13.45,-0.486,-0.349,53.44,51.86,3.936,5.081,4.994,5.88,27.37,994.4556,0.234,-0.014,301.5,290.3,-0.853,-3.183
"2026-03-18 18:25:00",1469,13.46,-0.583,-0.415,53.39,51.39,3.918,5.341,4.685,5.978,30.12,994.4512,0.013,-0.212,301.1,290.4,-0.935,-3.181
"2026-03-18 18:26:00",1470,13.46,-0.571,-0.384,53.09,52.85,5.332,6.545,8.03,9.21,20.21,994.3892,-0.388,-0.65,301.4,290.9,-0.939,-3.183
"2026-03-18 18:27:00",1471,13.46,-0.546,-0.409,53.9,53.57,5.969,7.467,7.362,8.13,23.45,994.3901,0.148,-0.039,301.5,291,-0.939,-3.184
"2026-03-18 18:28:00",1472,13.46,-0.624,-0.464,54.5,53.46,4.919,6.284,6.589,8.04,12.93,994.4207,0.103,-0.045,301.3,291.4,-0.984,-3.186
"2026-03-18 18:29:00",1473,13.45,-0.633,-0.44,53,52.45,5.857,7.297,8.8,10.39,54.56,994.3807,-0.726,-0.91,301.8,292,-0.958,-3.184
"2026-03-18 18:30:00",1474,13.46,-0.406,-0.259,49.93,48.32,6.727,7.847,9.11,10.58,61.6,994.3961,-0.336,-0.521,302.5,292.4,-0.815,-3.184
"2026-03-18 18:31:00",1475,13.46,-0.148,-0.057,50.87,50.79,4.769,5.592,6.898,7.84,50.79,994.4572,0.658,0.503,302.8,292.6,-0.672,-3.188
"2026-03-18 18:32:00",1476,13.46,-0.124,-0.057,52.26,51.42,4.637,5.765,5.92,7.35,51.68,994.511,0.857,0.733,302.4,292.9,-0.68,-3.191
"2026-03-18 18:33:00",1477,13.46,-0.22,-0.135,51.14,49.62,4.03,5.185,6.589,7.252,0,994.4949,0.428,0.273,302.3,293.4,-0.7,-3.196
"2026-03-18 18:34:00",1478,13.45,-0.187,-0.082,48.89,48.81,3.854,4.866,6.898,7.546,43.65,994.4421,0.002,-0.156,302.6,294,-0.656,-3.185
"2026-03-18 18:35:00",1479,13.46,-0.054,0.004,49.22,49.13,5.389,6.608,6.847,8.33,40.29,994.4501,0.424,0.311,302.6,294.1,-0.611,-3.175
"2026-03-18 18:36:00",1480,13.46,-0.035,0.021,48.21,47.58,6.178,7.367,7.928,8.92,27.41,994.4285,0.301,0.17,302.7,294.3,-0.586,-3.177
"2026-03-18 18:37:00",1481,13.46,-0.024,0.023,49.67,48.69,4.128,5.171,4.942,6.37,35.41,994.4167,0.418,0.353,302.4,294.2,-0.589,-3.179
"2026-03-18 18:38:00",1482,13.46,-0.095,-0.032,50.11,49.75,4.114,5.116,5.302,6.076,21.25,994.366,0.042,-0.056,302.3,293.9,-0.611,-3.172
"2026-03-18 18:39:00",1483,13.46,-0.194,-0.147,52.46,51.3,3.769,4.866,4.479,5.684,13.15,994.3296,0.401,0.301,301.8,293.1,-0.671,-3.163
"2026-03-18 18:40:00",1484,13.46,-0.428,-0.307,54.67,53.23,3.496,4.867,4.118,5.586,36.65,994.2779,-0.198,-0.287,301.5,292.3,-0.771,-3.153
"2026-03-18 18:41:00",1485,13.46,-0.614,-0.449,51.24,49.64,4.41,5.422,7.568,8.62,32.6,994.2199,-1.051,-1.155,301.5,290.3,-0.84,-3.146
"2026-03-18 18:42:00",1486,13.45,-0.439,-0.317,52.91,53.95,4.775,5.931,6.023,7.056,38,994.149,-0.346,-0.642,302,287.7,-0.729,-3.149
"2026-03-18 18:43:00",1487,13.46,-0.375,-0.291,51.61,49.52,7.414,9.03,9.47,11.17,43.97,994.0822,-0.012,-0.277,302,286.9,-0.751,-3.159
"2026-03-18 18:44:00",1488,13.46,-0.215,-0.095,49.37,48.25,7.25,8.59,8.85,10,33.52,994.0762,-0.356,-0.735,302.8,289.6,-0.642,-3.173
"2026-03-18 18:45:00",1489,13.46,-0.096,-0.027,50.04,49.22,6.824,7.988,8.08,9.11,40.62,994.0688,0.626,0.377,302.6,291.6,-0.609,-3.185
"2026-03-18 18:46:00",1490,13.45,-0.145,-0.07,50.99,50.7,4.439,5.359,6.744,7.056,31.87,994.1138,0.288,0.092,302.5,292.3,-0.616,-3.186
"2026-03-18 18:47:00",1491,13.46,-0.249,-0.185,54.91,55.26,2.85,4.02,3.655,4.704,24.79,994.1364,0.521,0.354,301.8,291.8,-0.701,-3.178
"2026-03-18 18:48:00",1492,13.46,-0.504,-0.412,57.13,57.6,2.119,3.108,2.883,3.92,37.36,994.1312,-0.228,-0.407,301.2,291.9,-0.828,-3.166
"2026-03-18 18:49:00",1493,13.46,-0.758,-0.647,56.57,55.79,3.145,4.342,5.097,6.664,43.87,994.1207,-0.8,-1.049,301,291.9,-0.934,-3.157
"2026-03-18 18:50:00",1494,13.46,-0.871,-0.739,57.48,56.62,4.094,5.187,4.942,5.782,33.14,994.1117,-0.691,-0.925,301.1,291.9,-1.014,-3.157
"2026-03-18 18:51:00",1495,13.46,-0.849,-0.664,53.47,51.25,5.119,6.323,7.413,8.33,47.19,994.1079,-1.395,-1.675,301.7,293.6,-1.015,-3.159
"2026-03-18 18:52:00",1496,13.45,-0.493,-0.354,51.8,50.6,5.299,6.301,6.384,7.448,43.64,994.0872,-0.414,-0.702,302.5,294.6,-0.855,-3.168
"2026-03-18 18:53:00",1497,13.46,-0.323,-0.261,53.05,52.63,3.923,5.19,5.817,6.664,21.49,994.0868,0.586,0.476,302.2,293.8,-0.844,-3.173
"2026-03-18 18:54:00",1498,13.45,-0.41,-0.321,52.07,50.96,4.7,6.003,5.817,7.154,39.41,994.0463,-0.128,-0.254,302.2,293.9,-0.859,-3.169
"2026-03-18 18:55:00",1499,13.46,-0.332,-0.226,53.53,52.42,4.381,5.524,5.199,6.468,40.4,994.0098,0.331,0.166,302.4,293.6,-0.778,-3.165
"2026-03-18 18:56:00",1500,13.46,-0.348,-0.246,53.59,53.98,4.775,5.942,6.641,7.35,46.45,993.9876,0.262,0.19,302.1,293.3,-0.814,-3.165
"2026-03-18 18:57:00",1501,13.46,-0.421,-0.325,56.11,56.24,4.848,6.172,5.611,7.448,20.93,993.958,0.298,0.155,302.1,293.5,-0.834,-3.164
"2026-03-18 18:58:00",1502,13.45,-0.579,-0.441,55.87,53.69,3.975,5.445,4.788,6.076,17.93,993.9861,-0.02,-0.154,301.8,294.1,-0.916,-3.164
"2026-03-18 18:59:00",1503,13.46,-0.63,-0.435,52.02,50.2,4.521,5.79,6.538,7.35,13.06,993.9543,-0.554,-0.722,302,294.3,-0.935,-3.163
"2026-03-18 19:00:00",1504,13.46,-0.412,-0.255,53.25,52.85,4.543,5.744,5.457,6.762,31.25,993.9609,-0.224,-0.35,302.4,294.2,-0.869,-3.155
"2026-03-18 19:01:00",1505,13.46,-0.328,-0.23,51.47,51.3,5.484,6.742,7.928,8.82,22.75,993.948,0.094,0.006,302.4,293.8,-0.839,-3.146
"2026-03-18 19:02:00",1506,13.45,-0.231,-0.133,50.03,49.52,5.576,6.784,7.876,8.62,9,993.9478,-0.053,-0.168,302.8,293.8,-0.766,-3.14
"2026-03-18 19:03:00",1507,13.46,-0.079,-0.05,53.66,54.38,4.675,5.937,5.92,7.35,21.99,993.9515,0.927,0.931,302.7,293.2,-0.709,-3.128
"2026-03-18 19:04:00",1508,13.46,-0.219,-0.176,54.09,54.12,4.366,5.549,5.251,6.86,31.44,993.9633,0.61,0.594,302.2,292.6,-0.785,-3.112
"2026-03-18 19:05:00",1509,13.46,-0.385,-0.302,52.73,51.05,4.049,5.273,6.023,6.664,37,993.9551,-0.045,-0.138,301.9,292.6,-0.85,-3.11
"2026-03-18 19:06:00",1510,13.46,-0.354,-0.243,52.11,51.59,4.234,5.348,6.023,7.056,34.44,993.9557,-0.469,-0.734,302.5,293.5,-0.768,-3.108
"2026-03-18 19:07:00",1511,13.46,-0.247,-0.18,50.25,49.5,4.232,5.464,6.075,6.664,47.51,993.9395,0.129,-0.043,302.5,293.4,-0.731,-3.106
"2026-03-18 19:08:00",1512,13.46,-0.138,-0.092,52.25,52.73,3.957,4.924,4.736,5.978,18.16,993.9235,0.364,0.122,302.7,293.5,-0.645,-3.106
"2026-03-18 19:09:00",1513,13.46,-0.105,-0.066,50.94,50.68,4.447,5.674,7.207,8.92,49.29,993.9077,0.069,-0.137,302.9,293.4,-0.612,-3.102
"2026-03-18 19:10:00",1514,13.46,0.022,0.063,50.2,49.33,3.014,3.75,4.839,5.684,47.14,993.8628,0.63,0.463,303,293.5,-0.544,-3.101
"2026-03-18 19:11:00",1515,13.46,0.114,0.131,48.48,48.72,4.278,5.024,5.714,6.566,42.39,993.8506,0.232,0.015,303.1,293.9,-0.477,-3.099
"2026-03-18 19:12:00",1516,13.46,0.184,0.17,51.4,53.32,3.162,4.114,4.118,5.096,12.46,993.8922,0.856,0.587,303,293.8,-0.412,-3.1
"2026-03-18 19:13:00",1517,13.46,0.076,0.052,51.76,51.28,3.019,4.07,4.582,5.488,13.94,993.8954,0.855,0.692,302.3,293.2,-0.494,-3.091
"2026-03-18 19:14:00",1518,13.46,-0.134,-0.079,53.51,52.93,3.435,4.627,4.067,5.39,24.04,993.8645,0.02,-0.099,302.1,293.1,-0.578,-3.074
"2026-03-18 19:15:00",1519,13.46,-0.306,-0.216,54.29,52.44,3.593,4.623,4.942,6.37,35.32,993.8492,-0.369,-0.453,301.9,292.8,-0.653,-3.069
"2026-03-18 19:16:00",1520,13.45,-0.342,-0.221,52.63,52.24,4.398,5.489,5.714,6.86,21.35,993.8438,-0.834,-1.018,302.4,293.3,-0.645,-3.067
"2026-03-18 19:17:00",1521,13.46,-0.204,-0.122,51.25,50.92,4.149,5.176,5.354,6.174,28.67,993.8472,-0.312,-0.511,302.6,293,-0.614,-3.066
"2026-03-18 19:18:00",1522,13.45,-0.103,-0.079,52.6,51.36,3.663,4.685,4.633,5.684,34.79,993.8295,0.527,0.405,302.5,293,-0.595,-3.06
"2026-03-18 19:19:00",1523,13.45,-0.177,-0.137,54.4,54.45,3.078,4.047,3.758,4.802,23.97,993.7963,0.123,-0.052,302.3,293.1,-0.641,-3.059
"2026-03-18 19:20:00",1524,13.46,-0.289,-0.231,55.63,55.66,2.758,3.923,3.81,4.802,37.94,993.7715,-0.055,-0.232,302,293.1,-0.702,-3.056
"2026-03-18 19:21:00",1525,13.46,-0.432,-0.359,57.47,58.09,2.256,3.272,3.089,4.704,12.93,993.767,-0.147,-0.354,301.5,292.6,-0.793,-3.056
"2026-03-18 19:22:00",1526,13.46,-0.646,-0.548,55.87,54.18,3.415,4.695,4.788,5.782,12.52,993.7181,-0.698,-0.904,301.5,293,-0.875,-3.056
"2026-03-18 19:23:00",1527,13.46,-0.632,-0.495,53.64,52.05,3.59,4.586,5.097,6.174,14.21,993.6484,-0.923,-1.172,302.1,293.9,-0.852,-3.056
"2026-03-18 19:24:00",1528,13.46,-0.385,-0.268,52.16,51.35,3.372,4.297,4.582,5.88,18.02,993.6094,-0.234,-0.485,302.4,294.1,-0.782,-3.055
"2026-03-18 19:25:00",1529,13.46,-0.195,-0.147,50.96,50.26,4.884,6.142,6.744,8.23,7.415,993.5983,0.371,0.304,302.5,294.2,-0.75,-3.057
"2026-03-18 19:26:00",1530,13.45,-0.128,-0.072,51.21,50.82,4.592,5.903,5.251,6.566,8.75,993.5936,0.564,0.492,302.6,294.2,-0.725,-3.049
"2026-03-18 19:27:00",1531,13.46,-0.181,-0.088,54.75,54.56,3.202,4.276,4.118,4.9,14.6,993.6138,0.374,0.409,302.1,293.3,-0.781,-3.036
"2026-03-18 19:28:00",1532,13.46,-0.38,-0.261,56.06,56.22,2.766,3.772,3.346,4.606,12.19,993.619,-0.085,-0.082,301.6,292.5,-0.877,-3.03
"2026-03-18 19:29:00",1533,13.46,-0.545,-0.38,53.44,51.42,3.453,4.457,4.324,5.684,10.24,993.5973,-0.873,-0.966,301.7,293,-0.919,-3.027
"2026-03-18 19:30:00",1534,13.45,-0.428,-0.264,51.75,50.68,3.022,3.925,3.604,4.312,1.526,993.5627,-0.357,-0.44,301.8,293.1,-0.904,-3.027
"2026-03-18 19:31:00",1535,13.46,-0.276,-0.135,53.29,52.18,2.745,3.705,3.346,4.214,8.05,993.5637,-0.026,-0.072,301.7,292.6,-0.89,-3.022
"2026-03-18 19:32:00",1536,13.46,-0.248,-0.087,53.7,53.51,3.945,5.012,5.508,6.566,22.56,993.5522,-0.172,-0.193,301.7,292.1,-0.913,-3.02
"2026-03-18 19:33:00",1537,13.46,-0.277,-0.144,55.23,55.01,2.921,3.892,3.81,4.802,39.67,993.5628,0.125,0.055,301.7,291.2,-0.915,-3.019
"2026-03-18 19:34:00",1538,13.46,-0.405,-0.288,55,53.52,3.075,4.311,4.788,6.272,28.41,993.5786,0.054,-0.122,301.4,289.5,-0.96,-3.025
"2026-03-18 19:35:00",1539,13.45,-0.446,-0.271,53.23,50.78,3.865,5.038,4.891,5.782,12.96,993.5697,-0.298,-0.597,301.7,289.6,-0.94,-3.03
"2026-03-18 19:36:00",1540,13.46,-0.287,-0.136,54.29,51.73,3.088,4.142,3.81,4.9,27.09,993.6039,0.253,0.128,301.7,290.9,-0.922,-3.029
"2026-03-18 19:37:00",1541,13.46,-0.257,-0.087,52.2,51.46,3.055,4.27,3.912,5.684,12.57,993.6315,-0.138,-0.331,301.8,292.9,-0.917,-3.03
"2026-03-18 19:38:00",1542,13.46,-0.202,-0.071,52.56,51.08,2.599,3.221,2.986,3.822,0.272,993.5971,0.458,0.304,301.8,293.8,-0.884,-3.031
"2026-03-18 19:39:00",1543,13.46,-0.244,-0.119,54.33,53.42,2.611,3.508,3.192,4.41,1.874,993.6125,0.345,0.27,301.5,293.5,-0.931,-3.027
"2026-03-18 19:40:00",1544,13.46,-0.353,-0.189,54.31,53.68,3.146,4.19,5.199,5.978,17.12,993.569,-0.151,-0.238,301.5,292.9,-0.968,-3.025
"2026-03-18 19:41:00",1545,13.46,-0.381,-0.216,54.08,53.55,4.503,5.752,5.302,6.664,15.19,993.4957,-0.35,-0.446,301.8,292.7,-0.961,-3.024
"2026-03-18 19:42:00",1546,13.46,-0.314,-0.174,52.8,52.32,4.379,5.61,5.405,6.86,17.02,993.5025,-0.075,-0.109,302,292.6,-0.935,-3.024
"2026-03-18 19:43:00",1547,13.46,-0.272,-0.162,54.63,52.21,5.133,6.431,6.126,7.742,34.3,993.4686,0.319,0.26,302.2,293.3,-0.897,-3.028
"2026-03-18 19:44:00",1548,13.46,-0.268,-0.1,52.82,51.55,3.93,4.817,5.817,7.252,42.22,993.4853,-0.199,-0.324,302.4,293.8,-0.874,-3.033
"2026-03-18 19:45:00",1549,13.46,-0.142,-0.02,50.53,49.42,3.346,4.396,5.354,5.978,46.46,993.5018,0.24,0.113,302.3,293.2,-0.829,-3.036
"2026-03-18 19:46:00",1550,13.45,-0.035,0.071,51.45,50,4.171,5.17,4.994,6.174,53.75,993.4713,0.292,0.1,302.7,293.2,-0.724,-3.037
"2026-03-18 19:47:00",1551,13.46,0.006,0.107,52.99,52.71,3.649,4.599,5.097,5.88,21.91,993.4543,0.637,0.456,302.5,292.3,-0.71,-3.039
"2026-03-18 19:48:00",1552,13.46,-0.093,-0.001,53.71,52.95,3.363,4.505,4.067,4.998,19.7,993.4422,0.542,0.345,302.3,292.2,-0.723,-3.041
"2026-03-18 19:49:00",1553,13.46,-0.22,-0.095,55.05,54.76,3.291,4.465,3.81,5.096,21.06,993.4298,0.325,0.151,302,292.3,-0.768,-3.035
"2026-03-18 19:50:00",1554,13.46,-0.376,-0.205,54.52,52.61,3.343,4.577,4.427,5.586,10.26,993.4263,-0.06,-0.296,301.9,293.2,-0.831,-3.034
"2026-03-18 19:51:00",1555,13.46,-0.345,-0.164,52.53,50.98,3.392,4.37,4.427,5.684,18.97,993.3925,-0.481,-0.63,302.3,294.4,-0.799,-3.035
"2026-03-18 19:52:00",1556,13.46,-0.125,-0.009,51.98,51.1,4.012,5.218,4.891,5.88,29.75,993.3961,0.152,0.109,302.5,294.1,-0.741,-3.03
"2026-03-18 19:53:00",1557,13.45,-0.103,-0.002,52.21,51.88,4.397,5.581,5.766,6.958,18.04,993.3645,0.247,0.213,302.4,293.7,-0.733,-3.032
"2026-03-18 19:54:00",1558,13.46,-0.194,-0.083,51.74,50.29,4.593,5.697,6.023,7.056,26.32,993.3334,0.243,0.149,302.5,293.6,-0.728,-3.034
"2026-03-18 19:55:00",1559,13.46,-0.152,-0.03,53.84,53.59,3.888,5.009,4.942,5.978,31.91,993.3113,0.181,0.102,302.6,292.7,-0.696,-3.035
"2026-03-18 19:56:00",1560,13.46,-0.228,-0.091,52.48,50.67,3.31,4.472,4.427,5.782,13.09,993.2779,0.164,0.069,302,292.1,-0.761,-3.033
"2026-03-18 19:57:00",1561,13.46,-0.226,-0.038,55.22,54.49,3.36,4.411,3.861,4.998,16.05,993.3017,0.135,-0.059,302.3,291.1,-0.733,-3.027
"2026-03-18 19:58:00",1562,13.46,-0.377,-0.168,56.33,54.93,3.563,4.924,3.964,5.39,26.71,993.2948,0.073,-0.03,301.5,289.3,-0.841,-3.023
"2026-03-18 19:59:00",1563,13.46,-0.565,-0.296,57.24,55.67,3.288,4.518,3.758,5.096,21.96,993.2917,-0.336,-0.565,301.4,289.3,-0.904,-3.021
"2026-03-18 20:00:00",1564,13.46,-0.664,-0.372,56.84,54.2,3.344,4.584,3.964,5.194,21.66,993.2858,-0.481,-0.758,301.3,290.5,-0.961,-3.024
"2026-03-18 20:01:00",1565,13.46,-0.677,-0.388,57.2,56.3,3.32,4.561,3.964,5.586,29.66,993.2799,-0.438,-0.701,301.4,292,-0.987,-3.028
"2026-03-18 20:02:00",1566,13.46,-0.718,-0.474,57.05,54.59,3.311,4.687,5.251,6.762,18.19,993.2377,-0.3,-0.527,301.3,293.1,-1.03,-3.029
"2026-03-18 20:03:00",1567,13.46,-0.684,-0.425,54.49,51.78,5.251,6.508,6.641,7.938,14.52,993.1652,-0.674,-0.953,302,294.5,-1.014,-3.035
"2026-03-18 20:04:00",1568,13.46,-0.433,-0.188,53.85,52.07,3.679,4.669,5.457,6.86,19.96,993.1887,0.08,-0.034,302.3,294.8,-0.939,-3.034
"2026-03-18 20:05:00",1569,13.46,-0.327,-0.13,54.94,54.56,2.507,3.442,3.037,4.116,21.9,993.1976,0.412,0.429,301.9,295,-0.957,-3.032
"2026-03-18 20:06:00",1570,13.45,-0.387,-0.214,54.51,53.23,2.072,3.092,3.14,4.116,40.7,993.1841,0.108,0.072,301.7,294.8,-0.987,-3.029
"2026-03-18 20:07:00",1571,13.46,-0.434,-0.26,54.47,54.13,2.305,3.12,3.346,4.606,49.72,993.1887,-0.215,-0.33,301.7,294.9,-1.01,-3.031
"2026-03-18 20:08:00",1572,13.46,-0.438,-0.31,57.47,58.06,4.211,5.188,6.126,6.566,11.37,993.1898,0,-0.148,302.1,294.7,-0.985,-3.032
"2026-03-18 20:09:00",1573,13.46,-0.579,-0.444,56.24,54.95,4.206,5.476,5.148,6.37,22.84,993.2075,-0.051,-0.181,302,294.8,-1.022,-3.036
"2026-03-18 20:10:00",1574,13.45,-0.609,-0.439,57.23,55.82,4.352,5.792,5.097,6.762,32.31,993.2068,0.041,-0.091,302,294.8,-1.03,-3.036
"2026-03-18 20:11:00",1575,13.46,-0.658,-0.471,56.53,54.76,4.375,5.719,7.465,8.13,13.35,993.167,-0.135,-0.242,301.9,294.7,-1.054,-3.039
"2026-03-18 20:12:00",1576,13.46,-0.527,-0.359,56.26,55.43,4.499,5.659,7.259,8.23,50.67,993.0805,-0.536,-0.655,302.8,295.4,-0.943,-3.042
"2026-03-18 20:13:00",1577,13.46,-0.374,-0.244,53.96,51.77,6.331,7.477,8.6,9.21,48.17,993.0259,0.184,0.099,303,295.7,-0.868,-3.051
"2026-03-18 20:14:00",1578,13.46,-0.155,-0.051,52.79,50.66,6.847,7.841,8.24,9.21,59.93,993.0165,-0.228,-0.378,303.6,295.6,-0.723,-3.059
"2026-03-18 20:15:00",1579,13.46,0,0.08,53.21,52.72,6.166,7.052,8.44,9.02,52.64,993.0208,0.419,0.377,303.7,295.2,-0.589,-3.062
"2026-03-18 20:16:00",1580,13.46,-0.028,0.033,55.78,55.26,5.67,7.04,6.641,8.23,26.4,993.0339,1.015,1.011,303.3,294.6,-0.604,-3.067
"2026-03-18 20:17:00",1581,13.46,-0.27,-0.16,56.82,56.11,5.196,6.784,5.972,7.35,27.41,993.0662,0.47,0.423,302.7,294,-0.711,-3.063
"2026-03-18 20:18:00",1582,13.46,-0.508,-0.357,57.87,55.76,5.095,6.669,6.023,8.04,25.25,993.0635,-0.071,-0.168,302.4,293.8,-0.81,-3.058
"2026-03-18 20:19:00",1583,13.46,-0.651,-0.422,56.38,53.43,5.249,6.627,5.972,7.546,36.65,993.0709,-0.572,-0.713,302.3,294.1,-0.88,-3.057
"2026-03-18 20:20:00",1584,13.46,-0.614,-0.322,54.92,51.31,5.459,6.774,8.85,9.7,55.52,993.0442,-0.739,-0.899,302.5,294.8,-0.869,-3.056
"2026-03-18 20:21:00",1585,13.46,-0.321,-0.064,51.1,49.29,5.693,6.198,8.34,9.41,73.12,993.0452,-0.986,-1.208,303.6,295.4,-0.694,-3.061
"2026-03-18 20:22:00",1586,13.46,0.036,0.17,49.95,49,3.795,4.254,5.148,5.586,134.1,992.9976,0.507,0.337,303.5,295.2,-0.57,-3.057
"2026-03-18 20:23:00",1587,13.45,0.245,0.294,48.79,48.43,2.949,3.297,4.685,4.802,54.67,992.9841,0.807,0.556,303.5,295.2,-0.476,-3.039
"2026-03-18 20:24:00",1588,13.46,0.358,0.369,48.14,48.24,1.354,2.194,2.42,3.332,21.05,992.976,1.328,1.086,303.5,295.2,-0.407,-3.019
"2026-03-18 20:25:00",1589,13.46,0.415,0.397,49.39,49.45,2.495,3.377,3.14,4.41,23.3,993.005,1.249,1.06,303.3,295.1,-0.379,-3.003
"2026-03-18 20:26:00",1590,13.46,0.342,0.346,52.1,52.38,3.922,5.228,4.994,6.174,10.97,993.0201,1.019,0.886,303,294.6,-0.401,-2.99
"2026-03-18 20:27:00",1591,13.46,0.08,0.138,54.82,54.73,4.368,5.827,5.251,6.566,13.26,992.9952,0.406,0.418,302.8,294.2,-0.484,-2.986
"2026-03-18 20:28:00",1592,13.46,-0.255,-0.137,57.29,56.57,3.987,5.249,4.891,6.174,18.76,993.0001,-0.168,-0.161,302.3,293.9,-0.604,-2.983
"2026-03-18 20:29:00",1593,13.46,-0.533,-0.375,56.92,54.93,3.882,5.17,5.302,6.468,19.14,993.0034,-0.802,-0.84,302.1,294.1,-0.723,-2.982
"2026-03-18 20:30:00",1594,13.46,-0.552,-0.36,56.39,54.99,4.916,6.277,6.486,7.84,54.81,993.0013,-1.276,-1.404,302.7,294.3,-0.714,-2.987
"2026-03-18 20:31:00",1595,13.46,-0.415,-0.285,57.23,57.93,5.342,6.188,7.001,7.35,55.29,992.9738,-0.334,-0.454,302.8,294,-0.687,-2.989
"2026-03-18 20:32:00",1596,13.46,-0.308,-0.206,52.54,50.96,4.937,5.817,7.413,8.23,50.19,992.9578,-0.55,-0.771,303.3,294.4,-0.624,-2.994
"2026-03-18 20:33:00",1597,13.46,-0.122,-0.041,53.86,53.14,4.422,5.596,5.405,6.272,26.66,992.9313,0.468,0.29,303.2,294.1,-0.57,-3.003
"2026-03-18 20:34:00",1598,13.46,-0.127,-0.02,54.85,53.45,3.383,4.372,3.964,5.194,40.36,992.9374,0.297,0.148,302.9,294.1,-0.61,-3
"2026-03-18 20:35:00",1599,13.46,-0.161,-0.021,53.78,52.49,2.632,3.679,3.964,4.704,45.08,992.9332,0.055,-0.117,302.6,294.2,-0.658,-2.996
"2026-03-18 20:36:00",1600,13.46,-0.176,0.009,52.64,50.4,3.112,4.169,4.427,5.978,39.61,992.9564,-0.195,-0.328,302.7,294.1,-0.655,-2.99
"2026-03-18 20:37:00",1601,13.46,-0.135,0.031,54.21,53.98,4.301,5.517,5.972,7.056,13.33,992.9678,-0.098,-0.33,302.9,293.9,-0.615,-2.989
"2026-03-18 20:38:00",1602,13.46,-0.196,-0.064,52.94,52.02,4.198,5.479,5.663,6.566,19.02,992.9429,0.139,-0.054,302.7,293.7,-0.66,-2.987
"2026-03-18 20:39:00",1603,13.46,-0.175,-0.043,54.95,55.25,3.92,4.943,5.045,6.076,14.03,992.8937,-0.046,-0.151,302.8,293.6,-0.656,-2.979
"2026-03-18 20:40:00",1604,13.46,-0.253,-0.136,54.95,53.82,3.833,4.975,4.891,6.37,51.41,992.8355,-0.122,-0.258,302.6,294.2,-0.697,-2.974
"2026-03-18 20:41:00",1605,13.46,-0.225,-0.061,52.85,51.07,4.168,5.219,5.302,6.664,40.17,992.8226,-0.53,-0.768,303.3,295,-0.618,-2.975
"2026-03-18 20:42:00",1606,13.46,-0.013,0.136,50.13,49.3,4.558,5.488,5.92,6.86,50.88,992.8036,0.006,-0.146,303.5,295,-0.529,-2.975
"2026-03-18 20:43:00",1607,13.46,0.237,0.309,50.92,50.71,3.976,4.787,5.354,6.076,55.36,992.7751,0.561,0.357,303.8,294.8,-0.41,-2.979
"2026-03-18 20:44:00",1608,13.45,0.324,0.351,50.54,50.15,3.008,3.736,3.912,4.606,32.7,992.7418,0.767,0.608,303.6,294.3,-0.382,-2.975
"2026-03-18 20:45:00",1609,13.46,0.281,0.309,50.34,50.43,2.788,3.618,3.192,4.312,30.82,992.7577,0.685,0.562,302.9,293.6,-0.425,-2.971
"2026-03-18 20:46:00",1610,13.46,0.197,0.242,52.15,51.75,3.322,4.404,4.788,5.978,29.19,992.764,0.232,0.075,302.7,293.1,-0.461,-2.959
"2026-03-18 20:47:00",1611,13.46,0.041,0.13,53.82,53.03,3.877,5.229,4.633,5.782,28.26,992.754,-0.047,-0.2,302.7,293.2,-0.515,-2.956
"2026-03-18 20:48:00",1612,13.46,-0.128,0.005,54.82,54.51,3.885,5.157,4.479,5.782,22.22,992.7513,-0.102,-0.245,302.4,292.8,-0.585,-2.951
"2026-03-18 20:49:00",1613,13.46,-0.327,-0.174,57.3,57.5,3.204,4.397,3.861,5.39,21.29,992.737,-0.256,-0.457,302.1,292.4,-0.668,-2.955
"2026-03-18 20:50:00",1614,13.45,-0.506,-0.312,56.36,54.73,3.227,4.317,4.633,5.488,29.11,992.715,-0.742,-0.935,301.9,291.8,-0.755,-2.951
"2026-03-18 20:51:00",1615,13.46,-0.545,-0.325,57.62,55.85,3.54,4.786,4.376,5.194,26.35,992.7128,-0.49,-0.768,301.9,290.2,-0.796,-2.952
"2026-03-18 20:52:00",1616,13.46,-0.651,-0.425,59.18,59.09,3.272,4.486,3.912,4.9,24.89,992.7162,-0.393,-0.692,301.4,289.4,-0.9,-2.954
"2026-03-18 20:53:00",1617,13.46,-0.828,-0.606,59.11,57.55,2.91,4.073,3.758,4.9,43.86,992.681,-0.807,-1.098,301.2,290.2,-0.993,-2.959
"2026-03-18 20:54:00",1618,13.46,-0.858,-0.599,58.55,56.18,3.426,4.55,4.994,6.566,0.325,992.6564,-1.06,-1.462,301.7,291.2,-0.994,-2.966
"2026-03-18 20:55:00",1619,13.46,-0.744,-0.516,57.64,56.52,3.986,5.187,4.994,6.664,18.37,992.6556,-0.272,-0.54,301.8,291.7,-0.99,-2.97
"2026-03-18 20:56:00",1620,13.46,-0.658,-0.462,55.32,52.97,3.045,4.2,4.221,5.39,13.01,992.5914,-0.175,-0.397,301.9,292.9,-0.993,-2.973
"2026-03-18 20:57:00",1621,13.46,-0.441,-0.262,55.13,53.65,3.991,5.146,4.685,6.468,21.84,992.6176,-0.245,-0.436,302.6,293.7,-0.917,-2.969
"2026-03-18 20:58:00",1622,13.46,-0.287,-0.179,57.37,56.78,5.611,6.973,7.053,8.43,53.72,992.5436,0.599,0.528,302.6,293.7,-0.879,-2.964
"2026-03-18 20:59:00",1623,13.46,-0.318,-0.18,55.91,53.32,7.461,8.86,9.58,10.09,54.33,992.5146,-0.169,-0.279,303.1,294,-0.862,-2.971
"2026-03-18 21:00:00",1624,13.46,-0.148,0.023,55.37,54.13,6.193,7.491,7.979,9.21,61.28,992.5672,-0.163,-0.287,303.7,294.2,-0.729,-2.982
"2026-03-18 21:01:00",1625,13.46,-0.015,0.117,55.58,55.36,5.771,6.838,6.847,8.04,46.59,992.5731,0.389,0.27,303.9,293.6,-0.624,-2.985
"2026-03-18 21:02:00",1626,13.46,-0.105,0.007,56.02,53.58,5.889,7.062,7.465,8.72,63.33,992.5709,0.604,0.513,303.6,293.6,-0.634,-2.987
"2026-03-18 21:03:00",1627,13.45,-0.145,0.014,54.89,54.77,4.382,5.148,5.56,6.468,46.93,992.573,0.043,-0.13,303.8,293.8,-0.591,-2.988
"2026-03-18 21:04:00",1628,13.46,-0.144,-0.042,57.2,57.24,3.727,4.789,4.376,5.488,32.9,992.572,0.658,0.462,303.1,293.2,-0.633,-2.985
"2026-03-18 21:05:00",1629,13.46,-0.331,-0.2,57.89,55.77,2.944,4.024,3.604,4.606,39.53,992.5569,0.095,-0.098,302.5,293.2,-0.735,-2.982
"2026-03-18 21:06:00",1630,13.46,-0.462,-0.27,56.91,55.34,3.522,4.609,5.251,5.88,45.2,992.5164,-0.469,-0.713,302.5,293.2,-0.775,-2.975
"2026-03-18 21:07:00",1631,13.46,-0.504,-0.302,56.61,55.2,3.451,4.419,4.118,5.194,34.06,992.519,-0.302,-0.551,302.4,293.2,-0.815,-2.976
"2026-03-18 21:08:00",1632,13.46,-0.501,-0.304,56.78,56.3,2.966,3.923,3.398,4.214,20.41,992.5305,-0.321,-0.555,302.1,293.3,-0.861,-2.975
"2026-03-18 21:09:00",1633,13.46,-0.499,-0.335,55.79,54.81,2.853,3.776,3.14,4.312,35.42,992.5201,-0.415,-0.654,302.1,293.4,-0.895,-2.974
"2026-03-18 21:10:00",1634,13.46,-0.47,-0.306,57.14,57.01,3.207,4.095,4.118,4.704,26.16,992.5227,-0.284,-0.524,302.1,293.3,-0.899,-2.975
"2026-03-18 21:11:00",1635,13.46,-0.541,-0.409,58.15,57.42,3.181,4.362,4.015,5.292,24.46,992.5454,0.011,-0.202,301.7,292.7,-0.972,-2.975
"2026-03-18 21:12:00",1636,13.46,-0.644,-0.478,58.02,57.1,2.871,3.793,3.964,4.9,22.63,992.5102,-0.49,-0.719,301.7,293.2,-1.019,-2.975
"2026-03-18 21:13:00",1637,13.46,-0.67,-0.489,58.45,56.17,2.209,3.269,2.677,4.214,40.05,992.4773,-0.313,-0.531,301.5,293.2,-1.068,-2.974
"2026-03-18 21:14:00",1638,13.46,-0.727,-0.477,56.88,55.43,2.507,3.242,2.934,3.92,42.63,992.4518,-0.759,-0.965,301.4,293.4,-1.118,-2.973
"2026-03-18 21:15:00",1639,13.46,-0.627,-0.395,56.33,54.35,2.879,3.834,3.707,5.194,56.68,992.4437,-0.542,-0.757,301.7,293.4,-1.099,-2.973
"2026-03-18 21:16:00",1640,13.46,-0.423,-0.222,54.45,52.94,3.816,4.668,4.942,5.586,48.14,992.4113,-0.598,-0.876,302.5,293.8,-1.008,-2.977
"2026-03-18 21:17:00",1641,13.45,-0.167,-0.043,53.95,53.41,4.401,5.551,5.457,6.468,28.25,992.4021,0.207,-0.113,303,293.9,-0.856,-2.983
"2026-03-18 21:18:00",1642,13.46,-0.11,-0.041,56.46,57.35,2.91,3.685,4.376,5.292,37.91,992.4401,1.114,0.958,302.6,293.6,-0.834,-2.988
"2026-03-18 21:19:00",1643,13.46,-0.262,-0.18,55.84,56.08,2.605,3.431,4.17,4.998,50.26,992.423,0.309,0.15,302.2,293.7,-0.899,-2.987
"2026-03-18 21:20:00",1644,13.46,-0.294,-0.186,54.91,53.19,5.195,6.294,7.825,9.7,11.19,992.3523,-0.155,-0.435,302.8,294,-0.848,-2.987
"2026-03-18 21:21:00",1645,13.46,-0.212,-0.103,55.1,54.47,5.58,6.957,9.42,10.39,28.11,992.3705,0.083,-0.063,303.1,294.4,-0.793,-2.987
"2026-03-18 21:22:00",1646,13.46,-0.066,0.046,51.58,50.58,6.572,7.518,10.19,10.98,50.83,992.3131,-0.31,-0.444,303.9,295.1,-0.652,-2.986
"2026-03-18 21:23:00",1647,13.46,0.163,0.245,51.89,51.68,3.766,4.438,5.148,6.37,52.31,992.35,0.708,0.563,304.1,294.9,-0.503,-2.987
"2026-03-18 21:24:00",1648,13.46,0.316,0.352,50.95,50.98,2.424,3.186,4.118,4.802,17.57,992.3582,0.971,0.804,303.9,294.8,-0.442,-2.975
"2026-03-18 21:25:00",1649,13.46,0.342,0.347,53.91,54.29,3.067,4.143,3.707,4.998,15.63,992.3644,1.177,0.978,303.5,294.3,-0.444,-2.962
"2026-03-18 21:26:00",1650,13.45,0.101,0.131,55.98,56.23,3.323,4.638,3.912,5.096,36.17,992.3859,0.759,0.615,302.7,293.5,-0.558,-2.949
"2026-03-18 21:27:00",1651,13.46,-0.228,-0.126,55.47,54.13,3.923,5.156,7.053,8.53,38.73,992.3461,-0.343,-0.512,302.5,293.7,-0.667,-2.942
"2026-03-18 21:28:00",1652,13.46,-0.265,-0.121,56.09,56.66,5.718,6.848,6.847,8.43,25.7,992.2671,-0.712,-0.985,303.2,294.3,-0.609,-2.941
"2026-03-18 21:29:00",1653,13.46,-0.245,-0.157,55.57,54.61,3.952,5.16,5.405,6.468,5.883,992.3134,0.011,-0.139,303,293.7,-0.617,-2.949
"2026-03-18 21:30:00",1654,13.46,-0.27,-0.149,54.16,52.59,5.026,6.23,6.538,7.84,19.84,992.2405,-0.266,-0.419,303.1,293.8,-0.635,-2.945
"2026-03-18 21:31:00",1655,13.46,-0.168,-0.048,54.05,54,5.205,6.272,6.384,7.644,34.84,992.1891,-0.092,-0.272,303.3,293.8,-0.604,-2.938
"2026-03-18 21:32:00",1656,13.46,-0.114,-0.036,55.28,55.63,3.608,4.648,4.685,5.586,35.93,992.1926,0.38,0.253,303,293.7,-0.62,-2.936
"2026-03-18 21:33:00",1657,13.46,-0.204,-0.113,55.37,54.22,3.916,5.231,5.405,6.86,29.97,992.1971,-0.116,-0.27,302.8,293.8,-0.673,-2.933
"2026-03-18 21:34:00",1658,13.45,-0.224,-0.08,52.78,50.73,5.456,6.74,6.538,7.938,34.65,992.1926,-0.418,-0.61,303.2,294,-0.647,-2.932
"2026-03-18 21:35:00",1659,13.46,-0.132,0.051,51.8,50.18,4.064,5.04,5.045,6.174,28.2,992.2435,0.013,-0.173,303.2,294,-0.61,-2.933
"2026-03-18 21:36:00",1660,13.46,-0.023,0.138,51.96,50.24,3.543,4.635,4.53,5.88,29.36,992.2509,0.267,0.066,303.2,293.8,-0.587,-2.926
"2026-03-18 21:37:00",1661,13.46,0,0.14,55.26,54.92,2.948,3.945,3.604,4.606,20.1,992.2354,0.311,0.124,303,293.7,-0.582,-2.914
"2026-03-18 21:38:00",1662,13.46,-0.118,0.005,53.82,51.54,4.463,5.904,5.92,6.86,21.91,992.2115,0.045,-0.096,302.9,293.6,-0.62,-2.904
"2026-03-18 21:39:00",1663,13.46,-0.154,0.008,52.16,50.5,4.241,5.451,5.045,6.468,47.9,992.1907,-0.158,-0.314,303,293.7,-0.624,-2.908
"2026-03-18 21:40:00",1664,13.46,-0.082,0.046,52.84,52.1,4.273,5.31,6.023,7.252,24.8,992.1516,-0.049,-0.245,303.2,293.8,-0.563,-2.907
"2026-03-18 21:41:00",1665,13.46,-0.082,0.008,53.8,53.88,3.386,4.501,4.376,5.488,23.46,992.1533,0.506,0.343,302.7,293.2,-0.608,-2.905
"2026-03-18 21:42:00",1666,13.46,-0.184,-0.071,52.91,52.06,4.225,5.53,5.045,6.37,25.73,992.1378,-0.132,-0.359,302.6,293.3,-0.675,-2.901
"2026-03-18 21:43:00",1667,13.46,-0.166,-0.021,53.48,51.89,5.063,6.507,8.39,10.19,30.11,992.0908,-0.399,-0.572,302.9,293.6,-0.655,-2.896
"2026-03-18 21:44:00",1668,13.46,0.023,0.159,49.77,48.68,6.899,7.986,11.38,13.23,32.07,992.0277,-0.654,-0.876,304,294.5,-0.504,-2.899
"2026-03-18 21:45:00",1669,13.46,0.299,0.35,49.57,49.4,2.925,3.838,4.17,5.194,39.61,992.0208,0.714,0.553,303.9,294.1,-0.399,-2.902
"2026-03-18 21:46:00",1670,13.45,0.349,0.357,52.11,52.64,3.313,4.296,4.015,5.096,41.79,992.0153,1.073,0.959,303.4,293.4,-0.385,-2.891
"2026-03-18 21:47:00",1671,13.46,0.182,0.219,53.21,50.74,3.271,4.348,3.912,5.194,22.72,992.0045,0.479,0.341,303.1,293.2,-0.446,-2.888
"2026-03-18 21:48:00",1672,13.46,0.004,0.125,54.85,53.63,3.28,4.681,3.655,5.39,26.82,992.0252,0.313,0.126,302.6,292.9,-0.511,-2.884
"2026-03-18 21:49:00",1673,13.46,-0.22,-0.013,56.04,55.3,3.627,5.065,4.788,5.88,33.05,992.0065,-0.167,-0.406,302.4,292.7,-0.605,-2.877
"2026-03-18 21:50:00",1674,13.45,-0.298,-0.061,50.93,49.06,3.47,3.962,6.589,6.958,58.24,991.9924,-1.166,-1.457,303,293.4,-0.583,-2.879
"2026-03-18 21:51:00",1675,13.46,0.02,0.178,51.15,51.18,2.593,3.274,3.604,4.606,14.01,991.9769,-0.013,-0.33,303.4,293.3,-0.445,-2.878
"2026-03-18 21:52:00",1676,13.46,0.149,0.222,52.87,51.63,3.125,4.183,3.552,4.508,20.11,992.0003,1.077,0.823,302.8,292.6,-0.456,-2.88
"2026-03-18 21:53:00",1677,13.46,-0.036,0.088,55.08,55.98,2.657,3.694,3.604,4.802,26.89,991.9974,0.306,0.154,302.2,292,-0.57,-2.874
"2026-03-18 21:54:00",1678,13.46,-0.282,-0.156,56.57,54.37,2.534,3.804,4.633,6.174,30.84,991.9409,-0.242,-0.488,301.8,291.6,-0.674,-2.874
"2026-03-18 21:55:00",1679,13.46,-0.482,-0.328,58.68,59.55,3.767,4.911,4.633,5.88,26.33,991.9142,-0.576,-0.851,301.9,291.5,-0.749,-2.883
"2026-03-18 21:56:00",1680,13.46,-0.707,-0.561,59.77,59.55,3.604,4.96,4.324,5.586,17.73,991.9054,-0.594,-0.88,301.5,291.3,-0.878,-2.889
"2026-03-18 21:57:00",1681,13.46,-0.896,-0.701,58.91,56.36,3.696,4.958,4.324,5.684,26.84,991.8735,-1.029,-1.319,301.5,291.5,-0.967,-2.893
"2026-03-18 21:58:00",1682,13.46,-0.814,-0.564,56.67,54.37,4.553,5.82,5.405,6.86,21.42,991.8605,-1.014,-1.347,302.1,291.9,-0.94,-2.901
"2026-03-18 21:59:00",1683,13.46,-0.624,-0.435,57.22,56.97,4.024,5.226,5.817,6.958,32.83,991.8235,-0.09,-0.349,302.1,291.3,-0.92,-2.91
"2026-03-18 22:00:00",1684,13.46,-0.539,-0.351,53.88,50.49,7.743,9.24,10.24,11.56,54.67,991.6987,-0.925,-1.201,302.8,291.9,-0.874,-2.918
"2026-03-18 22:01:00",1685,13.46,-0.171,-0.01,51.1,49.03,5.839,6.952,9.73,10.39,74.12,991.7924,-0.255,-0.587,303.6,291.9,-0.646,-2.936
"2026-03-18 22:02:00",1686,13.46,0.072,0.174,50.76,49.42,4.501,5.235,6.486,6.958,53.1,991.7608,0.852,0.608,303.4,291.5,-0.568,-2.941
"2026-03-18 22:03:00",1687,13.46,0.134,0.213,51.26,50.77,3.316,4.276,4.118,5.684,15.28,991.739,0.784,0.531,303.2,291.1,-0.541,-2.939
"2026-03-18 22:04:00",1688,13.45,0.116,0.202,52.42,52.76,3.562,4.599,4.376,5.488,49.02,991.7252,0.561,0.274,302.9,290.7,-0.543,-2.938
"2026-03-18 22:05:00",1689,13.45,0.009,0.085,53.74,52.99,3.638,4.919,4.942,6.174,36.88,991.7355,0.574,0.325,302.4,290,-0.587,-2.931
"2026-03-18 22:06:00",1690,13.46,-0.183,-0.057,55.02,53.82,4.118,5.364,4.839,6.076,28.34,991.7156,0.165,-0.083,302.2,290,-0.665,-2.935
"2026-03-18 22:07:00",1691,13.45,-0.341,-0.184,55.03,52.73,3.939,5.383,4.685,6.076,24.96,991.6968,-0.282,-0.593,302,290.3,-0.748,-2.936
"2026-03-18 22:08:00",1692,13.46,-0.445,-0.222,55.52,54.1,3.403,4.727,4.376,5.586,30.45,991.6738,-0.326,-0.651,301.9,290.2,-0.79,-2.935
"2026-03-18 22:09:00",1693,13.46,-0.531,-0.283,52.83,50.42,3.524,4.535,4.788,5.782,47.42,991.6716,-0.627,-0.899,301.8,290,-0.843,-2.935
"2026-03-18 22:10:00",1694,13.46,-0.365,-0.105,52.34,50.82,3.059,3.907,4.273,5.096,43.24,991.6536,-0.405,-0.839,302.4,290.1,-0.725,-2.942
"2026-03-18 22:11:00",1695,13.46,-0.173,-0.007,52.67,52.32,3.608,4.613,6.486,8.13,49.71,991.616,0.571,0.171,302.1,289.7,-0.72,-2.944
"2026-03-18 22:12:00",1696,13.46,-0.122,0.033,51.94,49.27,6.412,7.881,9.16,10.68,40.16,991.5571,-0.308,-0.681,302.8,289.8,-0.696,-2.948
"2026-03-18 22:13:00",1697,13.45,0.06,0.225,53.28,52.58,5.198,6.448,6.332,7.546,24.33,991.5267,0.217,-0.177,303.3,289.1,-0.55,-2.953
"2026-03-18 22:14:00",1698,13.46,0.024,0.151,52.26,50.13,5.473,6.742,6.692,7.84,37.22,991.5967,0.897,0.633,302.7,288.2,-0.588,-2.954
"2026-03-18 22:15:00",1699,13.46,0.041,0.192,52.12,51.61,3.859,4.849,5.611,7.252,20.98,991.5422,0.019,-0.342,303.2,288.3,-0.53,-2.953
"2026-03-18 22:16:00",1700,13.46,0.057,0.176,50.26,49.16,4.392,5.514,5.56,7.35,6.415,991.5599,0.568,0.255,302.6,288.1,-0.555,-2.941
"2026-03-18 22:17:00",1701,13.46,0.096,0.188,51.12,50.34,4.345,5.55,6.178,7.546,30.63,991.5414,0.222,-0.147,302.9,288.6,-0.502,-2.935
"2026-03-18 22:18:00",1702,13.45,0.14,0.194,52.52,53.25,6.089,7.382,8.7,10.09,14.27,991.4926,0.415,0.114,303,288.8,-0.465,-2.923
"2026-03-18 22:19:00",1703,13.46,0.059,0.124,49.49,49.51,4.258,5.222,7.362,8.13,20.07,991.5339,0.111,-0.13,302.9,288.7,-0.503,-2.918
"2026-03-18 22:20:00",1704,13.45,0.175,0.214,49.54,48.98,3.794,4.793,5.148,6.37,16.53,991.5446,0.501,0.211,303,288.3,-0.435,-2.906
"2026-03-18 22:21:00",1705,13.46,0.233,0.255,50.4,50.47,3.594,4.641,4.273,5.194,26.58,991.5497,0.614,0.365,302.5,287.9,-0.466,-2.894
"2026-03-18 22:22:00",1706,13.46,0.141,0.177,52.86,53.4,3.705,4.959,4.839,6.566,8.3,991.5507,0.318,0.002,302.3,287.7,-0.505,-2.89
"2026-03-18 22:23:00",1707,13.45,-0.037,0.044,53.01,52.94,4.476,5.852,5.611,6.86,2.081,991.5012,0.037,-0.317,302.2,287.3,-0.578,-2.893
"2026-03-18 22:24:00",1708,13.46,-0.173,-0.042,50.37,49.44,4.699,5.834,7.259,8.53,354.2,991.4291,-0.632,-0.904,302.1,286.9,-0.634,-2.886
"2026-03-18 22:25:00",1709,13.46,0.025,0.124,48.92,48.52,4.124,5.095,5.611,6.664,14.73,991.4261,-0.297,-0.661,302.9,287.4,-0.518,-2.875
"2026-03-18 22:26:00",1710,13.46,0.21,0.236,49.73,49.51,4.201,5.38,5.148,6.272,21.88,991.4645,0.667,0.394,302.7,287.4,-0.487,-2.867
"2026-03-18 22:27:00",1711,13.46,0.167,0.193,51.73,52.41,3.904,4.875,4.942,6.174,35.21,991.4514,0.509,0.232,302.5,287.6,-0.512,-2.867
"2026-03-18 22:28:00",1712,13.46,0.029,0.045,52.77,51.64,2.822,3.844,3.964,4.998,33.83,991.4397,0.433,0.118,301.8,287.7,-0.594,-2.869
"2026-03-18 22:29:00",1713,13.46,-0.155,-0.049,53.62,52.25,3.873,5.095,4.427,5.586,26.25,991.4547,-0.14,-0.543,301.8,288,-0.662,-2.869
"2026-03-18 22:30:00",1714,13.46,-0.293,-0.11,55.12,53.38,3.589,4.755,4.221,5.488,14.6,991.4297,-0.239,-0.634,301.6,287.9,-0.744,-2.873
"2026-03-18 22:31:00",1715,13.45,-0.415,-0.156,53.27,49.92,3.647,4.907,4.582,5.586,34.21,991.4274,-0.538,-0.844,301.3,287.1,-0.833,-2.877
"2026-03-18 22:32:00",1716,13.46,-0.353,-0.046,53.16,51.03,3.532,4.634,4.685,5.39,32.9,991.4244,-0.774,-1.154,301.8,286.9,-0.788,-2.882
"2026-03-18 22:33:00",1717,13.46,-0.289,-0.058,54.63,54.33,3.706,4.916,4.582,5.88,35.1,991.3929,0.07,-0.303,301.6,286.2,-0.798,-2.891
"2026-03-18 22:34:00",1718,13.45,-0.391,-0.213,54.81,54.15,4.039,5.276,5.457,6.566,33.41,991.3607,0.017,-0.367,301.4,286.1,-0.859,-2.897
"2026-03-18 22:35:00",1719,13.46,-0.446,-0.228,51.9,50.08,5.309,6.726,7.773,9.7,9.38,991.3333,-0.625,-1.079,301.7,286.2,-0.876,-2.906
"2026-03-18 22:36:00",1720,13.46,-0.214,-0.049,50.31,48.92,5.288,6.375,7.773,10.09,44.33,991.3113,-0.301,-0.71,302.7,286.8,-0.731,-2.913
"2026-03-18 22:37:00",1721,13.46,0.03,0.101,51.24,50.55,5.737,6.839,7.259,8.62,20.74,991.2597,0.697,0.271,303,286.7,-0.598,-2.918
"2026-03-18 22:38:00",1722,13.46,0.024,0.093,51.38,50.43,4.721,5.884,7.156,8.43,23.6,991.3196,0.744,0.435,302.7,287.3,-0.616,-2.921
"2026-03-18 22:39:00",1723,13.45,-0.035,0.061,53.19,53.06,4.607,6.043,5.56,6.762,30.9,991.3155,0.541,0.239,302.4,287.5,-0.634,-2.917
"2026-03-18 22:40:00",1724,13.46,-0.191,-0.067,54.58,53.86,5.363,6.722,6.384,8.23,57.22,991.2702,0.114,-0.189,302.2,287.7,-0.691,-2.916
"2026-03-18 22:41:00",1725,13.46,-0.192,-0.015,50.36,48.57,5.025,5.997,7.104,8.23,36.19,991.2678,-0.727,-1.1,303,289.1,-0.617,-2.923
"2026-03-18 22:42:00",1726,13.46,0.107,0.217,50.35,50.29,3.905,4.78,4.994,5.978,44.52,991.2401,0.582,0.152,303.2,289.5,-0.467,-2.923
"2026-03-18 22:43:00",1727,13.46,0.183,0.234,52.33,51.9,5.331,6.599,6.95,8.53,28.84,991.2549,1.045,0.677,302.8,288.6,-0.488,-2.92
"2026-03-18 22:44:00",1728,13.46,0.077,0.183,49.72,48.46,4.887,5.838,6.795,8.13,49.31,991.2479,-0.213,-0.547,303,288.5,-0.508,-2.921
"2026-03-18 22:45:00",1729,13.46,0.197,0.289,49.5,49.6,4.195,5.304,5.766,6.762,37.62,991.2242,0.505,0.131,302.9,286.8,-0.443,-2.919
"2026-03-18 22:46:00",1730,13.46,0.117,0.177,51.43,52.12,3.084,3.988,3.81,4.9,45.01,991.2151,0.521,0.146,302.2,284.7,-0.485,-2.919
"2026-03-18 22:47:00",1731,13.46,-0.052,0.01,52.24,52.97,3.159,4.073,4.221,5.292,43.44,991.2191,0.13,-0.342,301.6,283.2,-0.555,-2.915
"2026-03-18 22:48:00",1732,13.45,-0.228,-0.192,55.35,56.6,3.593,4.465,4.118,5.096,26.38,991.2098,0.346,-0.226,301.2,282.1,-0.641,-2.917
"2026-03-18 22:49:00",1733,13.46,-0.515,-0.46,57,56.79,2.981,4.176,3.501,4.802,21.79,991.1903,-0.242,-0.805,300.6,281.6,-0.787,-2.921
"2026-03-18 22:50:00",1734,13.46,-0.755,-0.621,55.9,53.36,3.2,4.477,3.964,5.488,38.45,991.1859,-0.71,-1.359,300.1,281.2,-0.92,-2.931
"2026-03-18 22:51:00",1735,13.45,-0.834,-0.577,57.04,55.79,3.276,4.521,3.912,5.586,43.45,991.1819,-0.874,-1.523,300.2,281.2,-0.994,-2.94
"2026-03-18 22:52:00",1736,13.45,-0.845,-0.567,56.43,54.81,3.865,4.983,4.685,5.978,35.79,991.1742,-0.729,-1.395,300.3,281.3,-1.052,-2.95
"2026-03-18 22:53:00",1737,13.46,-0.77,-0.532,53.77,52.31,3.885,4.815,4.582,5.684,45.24,991.1667,-0.877,-1.518,300.5,281.2,-1.079,-2.961
"2026-03-18 22:54:00",1738,13.46,-0.578,-0.396,54.75,54.94,3.725,4.721,4.839,5.586,21.48,991.177,-0.155,-0.885,301,281.1,-0.985,-2.972
"2026-03-18 22:55:00",1739,13.45,-0.528,-0.435,56,56.31,3.457,4.468,4.17,5.096,38.56,991.2174,0.543,-0.057,300.5,279.6,-1.034,-2.978
"2026-03-18 22:56:00",1740,13.46,-0.697,-0.573,55.61,54.85,3.375,4.476,3.861,5.194,40.09,991.1965,0.024,-0.591,300,278.4,-1.117,-2.987
"2026-03-18 22:57:00",1741,13.46,-0.759,-0.599,57.04,57.09,2.874,3.728,3.655,4.704,62.42,991.1882,-0.094,-0.806,299.8,276.6,-1.155,-2.995
"2026-03-18 22:58:00",1742,13.46,-0.833,-0.696,57.33,56.92,0.758,1.853,2.214,3.136,3.968,991.1143,-0.143,-0.953,299.2,276.1,-1.194,-3.003
"2026-03-18 22:59:00",1743,13.45,-0.863,-0.704,57.7,57.54,2.554,3.634,3.758,4.802,20.64,991.1144,-0.076,-1.023,299.1,275.9,-1.225,-3.012
"2026-03-18 23:00:00",1744,13.46,-0.901,-0.711,57.19,55.86,3.304,4.468,3.912,4.9,37.39,991.1432,0.054,-0.824,299.1,276.5,-1.283,-3.026
"2026-03-18 23:01:00",1745,13.46,-0.927,-0.654,55.97,53.77,3.701,4.834,5.251,6.076,34.61,991.1418,-0.28,-1.08,299.2,276.4,-1.329,-3.035
"2026-03-18 23:02:00",1746,13.46,-0.793,-0.502,54.28,52.3,3.733,4.898,5.199,6.272,34.21,991.0996,-0.321,-1.172,299.9,276.5,-1.28,-3.048
"2026-03-18 23:03:00",1747,13.46,-0.536,-0.289,53.07,51.14,4.176,5.242,5.354,6.468,47.21,991.0749,-0.064,-0.904,300.4,276.1,-1.186,-3.062
"2026-03-18 23:04:00",1748,13.46,-0.377,-0.167,53.09,52.06,3.635,4.756,4.376,6.076,44.12,991.0649,0.883,0.142,300,275.5,-1.154,-3.06
"2026-03-18 23:05:00",1749,13.46,-0.367,-0.146,52.88,51.95,3.601,4.806,4.376,5.782,57.4,991.0134,0.302,-0.513,300.1,275.5,-1.14,-3.065
"2026-03-18 23:06:00",1750,13.46,-0.346,-0.161,54.3,52.88,3.43,4.252,5.251,5.978,30.24,991.0361,0.795,-0.016,300.1,275.2,-1.122,-3.07
"2026-03-18 23:07:00",1751,13.45,-0.425,-0.236,53.66,52.81,2.738,3.812,3.346,4.606,33.01,991.0673,0.326,-0.518,299.6,276.8,-1.156,-3.071
"2026-03-18 23:08:00",1752,13.46,-0.431,-0.259,53.67,53.29,3.142,4.144,3.655,4.802,37.29,991.0849,0.375,-0.433,299.9,278.6,-1.137,-3.073
"2026-03-18 23:09:00",1753,13.46,-0.499,-0.373,55.3,55.53,2.563,3.587,3.346,4.312,41.83,991.0961,0.623,-0.139,299.6,278.7,-1.165,-3.075
"2026-03-18 23:10:00",1754,13.46,-0.674,-0.53,56.23,55.66,2.447,3.603,3.14,4.508,47.89,991.0854,0.167,-0.571,298.9,278.1,-1.259,-3.08
"2026-03-18 23:11:00",1755,13.46,-0.816,-0.637,56.11,55.41,2.283,3.142,2.78,3.92,34.71,991.087,-0.2,-1.018,298.6,276.9,-1.316,-3.089
"2026-03-18 23:12:00",1756,13.46,-0.864,-0.689,56.87,56.9,2.224,3.177,2.831,4.214,38.48,991.0896,-0.198,-1.049,298.5,275.9,-1.348,-3.098
"2026-03-18 23:13:00",1757,13.46,-0.936,-0.785,57.68,57.98,2.335,3.493,2.883,4.018,24.13,991.0706,-0.123,-0.999,298.3,274.3,-1.399,-3.104
"2026-03-18 23:14:00",1758,13.46,-1.026,-0.872,58.55,58.49,2.895,3.805,4.015,4.998,34.47,991.0351,-0.05,-0.978,298.2,273.7,-1.451,-3.114
"2026-03-18 23:15:00",1759,13.46,-1.021,-0.875,57.08,55.53,5.21,6.478,9.83,11.86,49.94,990.9617,-0.891,-1.803,299.3,274.9,-1.412,-3.126
"2026-03-18 23:16:00",1760,13.46,-0.638,-0.493,53.75,52.09,7.277,8.73,10.19,11.56,32.2,990.9366,-0.438,-1.437,301.5,275.8,-1.157,-3.139
"2026-03-18 23:17:00",1761,13.46,-0.287,-0.153,51.59,49.34,5.813,7.347,6.538,8.33,21.15,990.9109,0.9,0.214,301.4,275.7,-1.046,-3.139
"2026-03-18 23:18:00",1762,13.45,-0.06,0.089,49.84,49.43,5.152,6.259,6.486,7.448,23.78,990.9296,0.734,0.1,301.7,275.3,-0.93,-3.126
"2026-03-18 23:19:00",1763,13.46,0.026,0.129,53,52.98,4.438,5.541,5.199,6.468,40.2,990.9749,1.588,0.986,301.1,274.2,-0.88,-3.111
"2026-03-18 23:20:00",1764,13.46,-0.181,-0.043,51.92,50.1,4.567,5.865,6.332,7.546,34.12,990.986,0.795,0.106,300.5,274.2,-0.947,-3.097
"2026-03-18 23:21:00",1765,13.45,-0.17,0.004,50.07,49.36,4.317,5.261,5.869,6.762,44.24,990.9543,-0.161,-0.988,301.2,275.8,-0.851,-3.098
"2026-03-18 23:22:00",1766,13.46,-0.084,-0.001,53.84,55.03,3.482,4.512,4.685,6.076,16.41,990.98,1.309,0.476,300.5,275.6,-0.846,-3.094
"2026-03-18 23:23:00",1767,13.46,-0.322,-0.238,53.58,51.8,4.428,5.827,7.413,8.13,18.66,990.9315,0.529,-0.273,299.9,275.4,-0.964,-3.085
"2026-03-18 23:24:00",1768,13.46,-0.342,-0.202,50.72,49.71,5.677,6.955,7.619,8.62,35.9,990.8943,-0.665,-1.466,301.1,275.4,-0.905,-3.084
"2026-03-18 23:25:00",1769,13.45,-0.074,-0.001,51.28,50.67,3.079,3.956,5.663,5.586,32.08,990.9067,0.647,-0.108,301.2,274.4,-0.781,-3.076
"2026-03-18 23:26:00",1770,13.46,-0.071,-0.009,53.03,51.85,3.486,4.769,4.582,5.586,48.19,990.9399,1.307,0.528,300,273.2,-0.846,-3.071
"2026-03-18 23:27:00",1771,13.46,-0.287,-0.162,54.55,55.35,3.629,4.467,4.685,5.39,46.84,990.9545,0.351,-0.491,299.7,273.3,-0.951,-3.071
"2026-03-18 23:28:00",1772,13.46,-0.488,-0.33,53.95,52.62,3.766,4.985,4.582,5.782,40.04,990.9539,-0.212,-1.079,299.7,273.4,-1.008,-3.074
"2026-03-18 23:29:00",1773,13.46,-0.542,-0.311,53.33,52.22,2.973,3.933,3.707,4.802,25.69,990.939,-0.077,-0.988,299.5,273.4,-1.031,-3.079
"2026-03-18 23:30:00",1774,13.46,-0.511,-0.275,55.61,55.78,3.269,4.381,4.17,5.586,49.97,990.9497,0.379,-0.53,299.2,273.9,-1.059,-3.087
"2026-03-18 23:31:00",1775,13.46,-0.691,-0.5,57.43,57.7,3.282,4.386,4.118,5.194,32.87,990.9417,0.157,-0.704,298.8,273.6,-1.189,-3.096
"2026-03-18 23:32:00",1776,13.46,-0.971,-0.74,58.16,54.99,3.359,5.01,3.912,5.684,29.8,990.9562,-0.314,-1.17,298.4,274.5,-1.32,-3.105
"2026-03-18 23:33:00",1777,13.46,-1.098,-0.734,56.8,54.23,3.724,5.098,4.376,5.782,35.6,990.9579,-0.784,-1.683,298.7,275.9,-1.394,-3.117
"2026-03-18 23:34:00",1778,13.45,-1.005,-0.59,54.4,50.8,3.297,4.614,4.53,5.978,32.46,990.9146,-0.681,-1.565,299.4,276.9,-1.357,-3.127
"2026-03-18 23:35:00",1779,13.46,-0.766,-0.367,54.82,52.08,4.163,5.536,5.045,6.37,43.98,990.9235,0.055,-0.799,299.7,276.9,-1.289,-3.132
"2026-03-18 23:36:00",1780,13.46,-0.684,-0.356,55.7,54.61,4.31,5.5,4.891,6.174,44.76,990.9251,0.491,-0.287,299.8,277.3,-1.276,-3.139
"2026-03-18 23:37:00",1781,13.46,-0.743,-0.431,55.14,53.74,4.153,5.42,4.942,6.174,45.97,990.9442,0.15,-0.5,299.8,279.3,-1.308,-3.144
"2026-03-18 23:38:00",1782,13.46,-0.715,-0.406,54.2,52.65,4.304,5.496,6.178,7.448,43.96,990.9291,0.087,-0.645,300.1,281.2,-1.284,-3.148
"2026-03-18 23:39:00",1783,13.46,-0.579,-0.319,53.16,52.11,4.288,5.309,6.229,7.546,32.5,990.8804,0.08,-0.585,300.7,282.6,-1.197,-3.153
"2026-03-18 23:40:00",1784,13.46,-0.441,-0.223,51.89,50.63,4.083,5.056,4.839,5.88,37.16,990.8812,0.22,-0.356,301,284.2,-1.121,-3.151
"2026-03-18 23:41:00",1785,13.46,-0.318,-0.16,51.46,50.09,4.291,5.302,5.045,5.88,37.05,990.8929,0.96,0.393,301.1,284.7,-1.064,-3.144
"2026-03-18 23:42:00",1786,13.46,-0.268,-0.113,51.76,50.34,3.654,4.681,4.839,5.684,23.32,990.9049,0.479,-0.023,301,285.5,-1.047,-3.135
"2026-03-18 23:43:00",1787,13.46,-0.274,-0.096,52.51,50.9,3.034,4.13,4.015,5.978,30.22,990.9069,0.624,0.176,300.7,285.2,-1.057,-3.132
"2026-03-18 23:44:00",1788,13.45,-0.333,-0.126,53.16,52.16,3.802,5.052,5.869,7.644,47.62,990.8762,0.251,-0.191,300.8,285.2,-1.045,-3.123
"2026-03-18 23:45:00",1789,13.45,-0.335,-0.168,53.35,52.48,4.501,5.665,5.663,7.448,38.32,990.8506,0.298,-0.187,301.2,285.5,-1,-3.12
"2026-03-18 23:46:00",1790,13.45,-0.344,-0.182,52.84,51.2,4.628,5.871,5.457,6.468,42.5,990.8088,0.319,-0.091,301.2,285.8,-1.002,-3.117
"2026-03-18 23:47:00",1791,13.46,-0.294,-0.091,53.37,51.72,4.292,5.527,5.56,6.468,38.84,990.7935,0.194,-0.237,301.4,286.2,-0.977,-3.111
"2026-03-18 23:48:00",1792,13.45,-0.169,0.03,51.3,50.57,5.654,6.916,7.722,9.41,22.15,990.7801,-0.536,-1.017,302.3,286.8,-0.85,-3.104
"2026-03-18 23:49:00",1793,13.46,-0.045,0.073,52.86,51.47,4.908,6.506,5.714,7.056,26.85,990.7992,1.363,0.975,301.9,285.2,-0.792,-3.098
"2026-03-18 23:50:00",1794,13.46,-0.236,-0.062,54.43,53.73,4.604,6.105,5.56,6.762,31.03,990.818,0.635,0.236,301.3,283.5,-0.879,-3.085
"2026-03-18 23:51:00",1795,13.46,-0.494,-0.293,56.01,55.17,4.43,5.889,5.302,6.762,33.02,990.8115,0.287,-0.101,300.6,282.1,-0.987,-3.072
"2026-03-18 23:52:00",1796,13.45,-0.719,-0.507,56.45,55.04,4.412,5.83,5.097,6.566,28.83,990.7774,-0.286,-0.751,300.5,281.1,-1.081,-3.068
"2026-03-18 23:53:00",1797,13.46,-0.762,-0.527,54.83,53.28,5.837,7.237,7.928,9.11,43.67,990.7502,-0.84,-1.431,300.9,280.5,-1.069,-3.07
"2026-03-18 23:54:00",1798,13.46,-0.555,-0.359,55.46,53.76,6.882,8.51,7.979,9.41,38.2,990.7313,-0.002,-0.617,301.4,280.9,-1.014,-3.075
"2026-03-18 23:55:00",1799,13.46,-0.413,-0.188,52.7,50.39,5.234,6.481,7.876,9.31,41.66,990.7567,-0.099,-0.687,301.7,280.7,-0.96,-3.077
"2026-03-18 23:56:00",1800,13.46,-0.304,-0.098,54.06,52.83,4.886,6.327,5.663,6.86,42.74,990.7746,0.659,0.066,301.4,280,-0.933,-3.071
"2026-03-18 23:57:00",1801,13.46,-0.388,-0.162,52.59,49.69,5.807,7.211,7.156,8.72,34.41,990.7484,0.076,-0.502,301.3,280.3,-0.955,-3.067
"2026-03-18 23:58:00",1802,13.46,-0.253,-0.017,51.41,50.09,6.847,8.18,8.75,9.9,37.44,990.7094,-0.156,-0.759,302.1,280.8,-0.847,-3.065
"2026-03-18 23:59:00",1803,13.46,-0.04,0.128,50.16,48.68,6.242,7.61,7.31,9.21,36.13,990.7158,0.393,-0.204,302.3,279.5,-0.738,-3.058
"2026-03-19 00:00:00",1804,13.46,0.02,0.143,52.3,51.53,4.32,5.532,5.869,7.154,41.24,990.743,1.064,0.523,301.6,277.1,-0.738,-3.05
