"TOA5","1481","CR3000","1481","CR3000.Std.32.06","CPU:AWS_MaggieMay.CR3","1996","Res_data_1_min"
"TIMESTAMP","RECORD","BattV","temperature_1","temperature_2","rel_humidity_1","rel_humidity_2","wind_speed_1","wind_speed_2","gust_speed_1","gust_speed_2","wind_direction","air_pressure","SWup","SWdown","LWup","LWdown","CNR1_T_degC","ground_temperature"
"TS","RN","Volts","degC","degC","%","%","m/s","m/s","m/s","m/s","deg","hPa","W/m^2","W/m^2","W/m^2","W/m^2","degC","degC"
"","","Min","Avg","Avg","Smp","Smp","Avg","Avg","Max","Max","Smp","Avg","Avg","Avg","Avg","Avg","Avg","Avg"
"2026-03-19 00:01:00",1805,13.4,-0.14,-0.002,53.67,54.51,3.739,4.95,5.199,7.252,13.84,990.6971,0.545,-0.077,300.7,274.1,-0.823,-3.044
"2026-03-19 00:02:00",1806,13.46,-0.316,-0.168,54.4,51.82,4.932,6.428,6.641,8.04,21.59,990.6965,0.151,-0.628,300.6,272.8,-0.884,-3.035
"2026-03-19 00:03:00",1807,13.46,-0.319,-0.106,50.72,49.16,4.413,5.691,6.023,7.35,38.93,990.6819,-0.304,-1.088,300.9,273,-0.866,-3.031
"2026-03-19 00:04:00",1808,13.46,-0.174,-0.021,52.72,52.7,5.264,6.651,6.486,7.644,19.51,990.6667,0.62,-0.21,300.7,271.2,-0.837,-3.027
"2026-03-19 00:05:00",1809,13.45,-0.32,-0.175,54.59,54.6,5.52,6.901,6.95,8.13,28.56,990.6437,0.518,-0.254,300.1,269.6,-0.933,-3.025
"2026-03-19 00:06:00",1810,13.46,-0.434,-0.254,54.09,52.09,6.344,7.755,8.49,9.31,45.3,990.5831,-0.06,-0.935,300.5,270.2,-0.965,-3.027
"2026-03-19 00:07:00",1811,13.46,-0.387,-0.183,52.2,49.93,6.273,7.738,7.207,8.53,45.6,990.5627,-0.045,-0.922,300.7,270.2,-0.97,-3.034
"2026-03-19 00:08:00",1812,13.46,-0.35,-0.117,54.24,53.08,5.945,7.409,7.104,8.43,53.78,990.5729,0.063,-0.791,300.8,269.4,-0.961,-3.044
"2026-03-19 00:09:00",1813,13.46,-0.315,-0.074,51.83,50.7,7.109,8.31,8.75,10,65.07,990.5316,-0.247,-1.126,301.2,268.9,-0.925,-3.049
"2026-03-19 00:10:00",1814,13.46,-0.115,0.07,51.79,50.2,5.819,6.785,6.641,7.742,57.9,990.554,0.174,-0.787,301.5,269.4,-0.826,-3.051
"2026-03-19 00:11:00",1815,13.45,-0.114,0.052,53.46,52.63,5.939,7.221,7.516,8.62,50.32,990.5668,0.987,0.074,301.2,268.7,-0.81,-3.05
"2026-03-19 00:12:00",1816,13.46,-0.222,-0.016,51.65,49.5,7.399,8.76,9.21,10.49,61.54,990.5289,0.242,-0.674,301.4,268.6,-0.829,-3.054
"2026-03-19 00:13:00",1817,13.46,-0.099,0.108,48.8,47.9,6.03,6.779,7.413,8.53,53.79,990.5886,-0.196,-1.101,301.6,267.7,-0.751,-3.053
"2026-03-19 00:14:00",1818,13.46,0.141,0.23,48.74,48.37,4.693,5.587,5.869,6.958,39.88,990.5883,0.72,-0.263,301.2,266.4,-0.668,-3.053
"2026-03-19 00:15:00",1819,13.45,0.132,0.212,49.43,48.53,4.675,5.737,5.354,6.468,55.53,990.5779,0.874,-0.191,300.5,265.5,-0.69,-3.051
"2026-03-19 00:16:00",1820,13.46,0.114,0.238,49.06,48.3,3.42,4.158,4.891,5.488,36.22,990.5549,0.445,-0.656,300.2,264,-0.68,-3.051
"2026-03-19 00:17:00",1821,13.45,0.138,0.232,50.61,50.43,4.716,5.892,7.31,8.43,49.26,990.5597,0.707,-0.527,299.8,262.3,-0.696,-3.052
"2026-03-19 00:18:00",1822,13.46,0.005,0.138,49.37,49.13,4.42,5.398,5.457,6.958,39.29,990.5358,0.175,-1.055,300,262.6,-0.71,-3.052
"2026-03-19 00:19:00",1823,13.46,-0.019,0.096,51.55,51.36,4.239,5.453,6.075,7.35,45.48,990.5292,1.011,-0.261,299.4,261.8,-0.75,-3.051
"2026-03-19 00:20:00",1824,13.46,-0.23,-0.054,50.73,49.1,5.766,7.179,7.053,8.53,34.34,990.4814,-0.106,-1.353,299.8,262.5,-0.823,-3.055
"2026-03-19 00:21:00",1825,13.46,-0.212,-0.002,52.1,51.84,4.844,6.201,5.714,7.448,43.34,990.4689,0.295,-0.896,299.9,262.3,-0.815,-3.063
"2026-03-19 00:22:00",1826,13.46,-0.25,-0.021,52.57,50.34,6.486,8.07,7.619,9.02,46.6,990.4283,0.088,-1.08,300.1,262.2,-0.858,-3.069
"2026-03-19 00:23:00",1827,13.46,-0.206,0.058,50.54,48.63,6.5,7.671,7.671,9.21,46.72,990.468,-0.052,-1.163,300.6,262.1,-0.842,-3.071
"2026-03-19 00:24:00",1828,13.46,-0.097,0.134,50.34,48.28,5.262,6.394,5.869,7.056,40.82,990.4952,0.433,-0.682,300.3,261.5,-0.807,-3.072
"2026-03-19 00:25:00",1829,13.46,-0.079,0.169,51.94,51.45,4.538,5.818,5.199,6.272,42.15,990.502,0.617,-0.531,299.6,259.7,-0.849,-3.072
"2026-03-19 00:26:00",1830,13.46,-0.264,0.013,53.92,52.96,4.454,5.871,5.097,6.468,39.74,990.5105,0.669,-0.562,298.8,257.6,-0.961,-3.074
"2026-03-19 00:27:00",1831,13.45,-0.532,-0.182,54.36,52.82,3.782,5.097,4.736,5.782,39.7,990.4823,0.059,-1.253,298,256.8,-1.106,-3.084
"2026-03-19 00:28:00",1832,13.46,-0.67,-0.311,54.75,53.41,4.395,5.736,6.281,8.53,32.03,990.4435,-0.347,-1.785,297.7,256.2,-1.199,-3.094
"2026-03-19 00:29:00",1833,13.46,-0.725,-0.366,54.45,52.88,6.331,7.841,7.104,9.11,36.71,990.4022,-0.294,-1.717,298.7,256.3,-1.221,-3.108
"2026-03-19 00:30:00",1834,13.46,-0.614,-0.287,54.19,52.35,5.47,6.957,7.207,9.31,46.95,990.4092,-0.029,-1.419,298.8,255.1,-1.218,-3.12
"2026-03-19 00:31:00",1835,13.46,-0.537,-0.248,54.34,52.19,6.911,8.7,9.68,11.47,44.89,990.3484,-0.04,-1.471,299.6,254.7,-1.174,-3.131
"2026-03-19 00:32:00",1836,13.45,-0.415,-0.121,53.39,51.3,7.786,9.17,9.06,10.88,64.58,990.3315,0.09,-1.238,300.4,254.9,-1.097,-3.133
"2026-03-19 00:33:00",1837,13.46,-0.268,0.002,51.21,49.97,6.656,7.817,8.24,9.51,43.33,990.3843,0.31,-0.936,300.4,254.5,-1.026,-3.134
"2026-03-19 00:34:00",1838,13.46,-0.213,-0.01,54.45,52.65,6.166,7.549,7.928,9.31,44.77,990.3823,1.128,-0.216,300.2,253.5,-0.99,-3.134
"2026-03-19 00:35:00",1839,13.46,-0.275,-0.014,50.47,48.6,6.036,7.118,7.825,8.82,46.98,990.4026,0.086,-1.256,300.2,253.7,-0.973,-3.135
"2026-03-19 00:36:00",1840,13.46,-0.064,0.136,50.39,49.06,4.522,5.757,6.641,7.448,34.04,990.462,0.975,-0.442,299.5,252.9,-0.904,-3.129
"2026-03-19 00:37:00",1841,13.45,-0.051,0.158,50.49,49.61,4.375,5.424,5.251,6.664,39.88,990.4611,0.827,-0.667,299.2,252.8,-0.908,-3.119
"2026-03-19 00:38:00",1842,13.46,-0.094,0.129,50.64,49.64,4.604,5.922,6.692,8.13,28.86,990.4965,0.936,-0.59,298.3,251.7,-0.974,-3.116
"2026-03-19 00:39:00",1843,13.46,-0.084,0.149,50.72,50.81,4.583,5.663,6.744,7.938,36.84,990.5007,0.021,-1.592,299.1,251.5,-0.917,-3.114
"2026-03-19 00:40:00",1844,13.46,-0.116,0.069,49.92,48.7,4.408,5.492,5.611,7.252,58.61,990.5294,0.943,-0.538,298.3,251.1,-0.957,-3.117
"2026-03-19 00:41:00",1845,13.46,-0.098,0.102,50.44,50.1,3.627,4.58,5.097,6.566,33.25,990.5322,0.522,-1.154,298.4,250.8,-0.927,-3.119
"2026-03-19 00:42:00",1846,13.46,-0.153,0.024,50.92,49.9,4.223,5.498,5.199,6.37,25.49,990.5675,1.008,-0.635,297.6,250.3,-1.002,-3.131
"2026-03-19 00:43:00",1847,13.46,-0.333,-0.073,52.14,50.83,4.678,6.137,5.405,6.86,37.58,990.5551,0.326,-1.34,297.7,250.7,-1.071,-3.135
"2026-03-19 00:44:00",1848,13.46,-0.468,-0.157,51.61,50.51,4.24,5.381,5.663,6.86,25,990.5677,0.31,-1.32,297.6,251,-1.116,-3.148
"2026-03-19 00:45:00",1849,13.46,-0.551,-0.237,53.75,53.14,3.361,4.655,3.964,5.096,26.41,990.5795,0.594,-1.008,296.5,250.3,-1.223,-3.156
"2026-03-19 00:46:00",1850,13.45,-0.832,-0.463,55.38,54.65,3.125,4.586,3.758,5.488,38.87,990.5801,0.025,-1.625,295.5,250.2,-1.387,-3.177
"2026-03-19 00:47:00",1851,13.46,-1.066,-0.655,55.36,53.23,4.292,5.429,5.354,6.664,45.14,990.5535,-0.753,-2.499,295.7,251.1,-1.507,-3.198
"2026-03-19 00:48:00",1852,13.46,-0.978,-0.558,55.24,53.28,4.001,5.327,5.251,6.762,36.41,990.5386,-0.432,-2.163,296.7,251.9,-1.471,-3.22
"2026-03-19 00:49:00",1853,13.45,-0.821,-0.414,52.18,49.59,4.974,6.202,5.714,7.154,34.65,990.5318,-0.266,-1.934,297.4,252.3,-1.427,-3.234
"2026-03-19 00:50:00",1854,13.46,-0.489,-0.151,50.58,48.74,5.184,6.17,6.435,7.546,55.46,990.5457,0.168,-1.413,298.5,251.5,-1.275,-3.246
"2026-03-19 00:51:00",1855,13.46,-0.268,-0.007,51.99,51.33,3.687,4.688,4.891,6.272,57.71,990.5749,1.277,-0.304,297.9,250.4,-1.227,-3.256
"2026-03-19 00:52:00",1856,13.46,-0.243,0.008,50.42,49.48,4.546,5.416,5.56,6.958,55.69,990.5573,0.714,-0.933,298,250.4,-1.217,-3.259
"2026-03-19 00:53:00",1857,13.46,-0.13,0.076,50.19,48.87,3.632,4.446,4.839,5.684,74,990.5551,0.889,-0.808,298,250.1,-1.185,-3.264
"2026-03-19 00:54:00",1858,13.46,-0.097,0.117,49.19,48.16,2.901,3.651,4.015,4.9,42.06,990.5525,0.846,-0.966,297.6,250.1,-1.13,-3.273
"2026-03-19 00:55:00",1859,13.46,-0.059,0.108,51.5,50.99,2.546,3.615,3.295,4.312,45.15,990.5463,1.808,-0.045,296.4,250,-1.141,-3.279
"2026-03-19 00:56:00",1860,13.46,-0.324,-0.028,50.45,48.71,3.448,4.599,4.582,5.39,44.89,990.5228,0.398,-1.413,295.4,250.6,-1.299,-3.29
"2026-03-19 00:57:00",1861,13.46,-0.277,0.04,50.96,50.26,3.361,4.277,4.015,4.9,39.48,990.5121,0.065,-1.781,296.7,252.4,-1.226,-3.298
"2026-03-19 00:58:00",1862,13.46,-0.339,-0.112,50.92,49.96,3.272,4.434,3.964,5.194,24.61,990.502,0.935,-0.775,295.6,253.5,-1.336,-3.306
"2026-03-19 00:59:00",1863,13.46,-0.52,-0.212,52.7,50.95,3.239,4.482,3.604,4.802,21.19,990.5034,0.11,-1.54,295.6,254.1,-1.414,-3.314
"2026-03-19 01:00:00",1864,13.46,-0.726,-0.293,53.49,50.74,3.436,4.972,4.067,5.488,28.58,990.5482,0.062,-1.502,294.9,253.4,-1.545,-3.326
"2026-03-19 01:01:00",1865,13.46,-0.915,-0.329,54.91,52.28,3.48,4.832,3.912,5.39,39.71,990.5516,-0.19,-1.793,294.8,252.1,-1.652,-3.345
"2026-03-19 01:02:00",1866,13.46,-1.014,-0.384,52.38,50.02,4.015,5.05,4.685,5.684,18.86,990.5331,-1.13,-2.775,295.4,251.9,-1.692,-3.362
"2026-03-19 01:03:00",1867,13.46,-0.829,-0.345,53.12,51.26,3.3,4.417,3.758,4.704,35.34,990.5255,0.614,-0.979,295.5,251.2,-1.634,-3.376
"2026-03-19 01:04:00",1868,13.46,-0.886,-0.386,54.36,51.7,2.526,3.646,3.192,4.214,26.88,990.5165,0.528,-1.06,294.1,250.7,-1.766,-3.387
"2026-03-19 01:05:00",1869,13.46,-1.073,-0.488,55.5,53.77,1.903,3.058,2.42,3.332,20,990.5077,-0.017,-1.737,293,250.7,-1.881,-3.407
"2026-03-19 01:06:00",1870,13.46,-1.276,-0.642,56.51,53.18,1.689,2.975,2.008,3.234,24.72,990.5028,-0.333,-2.155,291.9,251.8,-2.01,-3.435
"2026-03-19 01:07:00",1871,13.46,-1.479,-0.729,57.33,54.98,0.834,2.349,1.493,2.744,27.79,990.4966,-0.742,-2.574,291.2,254,-2.124,-3.464
"2026-03-19 01:08:00",1872,13.46,-1.661,-0.955,58.72,58.7,0.538,1.92,0.978,2.352,38.32,990.5002,-0.723,-2.592,291,255.1,-2.213,-3.5
"2026-03-19 01:09:00",1873,13.45,-1.954,-1.452,60.25,60.81,0.59,2.213,1.236,3.038,29.5,990.504,-0.763,-2.635,290.7,255.7,-2.332,-3.536
"2026-03-19 01:10:00",1874,13.46,-2.274,-1.793,61.12,58.53,1.845,3.517,2.625,4.214,24.51,990.501,-0.932,-2.788,290.3,255,-2.474,-3.575
"2026-03-19 01:11:00",1875,13.46,-2.398,-1.741,60.49,55.28,2.375,3.435,2.728,3.724,26.04,990.5048,-1.233,-2.982,290.7,253.7,-2.59,-3.609
"2026-03-19 01:12:00",1876,13.45,-2.277,-1.531,60.89,57.26,1.515,2.828,2.317,3.822,26.69,990.5158,-0.647,-2.349,290.7,253.2,-2.65,-3.635
"2026-03-19 01:13:00",1877,13.46,-2.211,-1.383,58.99,54.27,2.392,3.356,2.831,4.018,15.33,990.5195,-1.104,-2.783,290.7,254.6,-2.724,-3.663
"2026-03-19 01:14:00",1878,13.45,-1.911,-1.179,58.72,56.32,1.472,2.654,1.956,3.136,21.19,990.5352,-0.074,-1.643,290.9,254.8,-2.715,-3.684
"2026-03-19 01:15:00",1879,13.46,-1.914,-1.256,59.02,57.35,1.221,2.412,1.647,2.744,17.42,990.5339,-0.043,-1.547,290,253.6,-2.793,-3.708
"2026-03-19 01:16:00",1880,13.45,-2.004,-1.42,58.09,54.43,2.347,3.868,4.788,6.076,5.588,990.4988,-0.297,-1.918,289.5,252.2,-2.869,-3.728
"2026-03-19 01:17:00",1881,13.46,-1.727,-1.148,55.06,51.34,4.477,5.499,5.302,6.468,16.45,990.4509,-0.781,-2.358,293,254.1,-2.755,-3.75
"2026-03-19 01:18:00",1882,13.46,-1.08,-0.634,51.61,49.62,2.983,3.597,3.655,4.606,3.288,990.4866,0.932,-0.423,294.6,254.3,-2.512,-3.737
"2026-03-19 01:19:00",1883,13.46,-0.674,-0.384,51.11,49.9,2.613,3.399,3.037,3.92,13.94,990.5037,2.416,1.298,293.8,253,-2.451,-3.719
"2026-03-19 01:20:00",1884,13.45,-0.549,-0.282,50.92,49.72,2.464,3.324,3.449,4.116,21.12,990.5006,1.863,0.701,293.8,253.6,-2.39,-3.709
"2026-03-19 01:21:00",1885,13.45,-0.49,-0.249,51.74,50.66,2.558,3.474,3.243,4.018,29.05,990.4888,1.824,0.684,293.6,254.3,-2.341,-3.7
"2026-03-19 01:22:00",1886,13.45,-0.613,-0.312,50.85,49.29,2.521,3.274,3.398,4.018,43.85,990.4972,1.071,-0.261,293.5,256,-2.32,-3.69
"2026-03-19 01:23:00",1887,13.46,-0.467,-0.17,50.07,49.08,2.479,3.393,3.501,4.214,32.48,990.4763,1.244,-0.205,294.8,257.3,-2.111,-3.683
"2026-03-19 01:24:00",1888,13.46,-0.352,-0.134,51.29,51.16,2.28,3.344,2.78,3.724,28.49,990.4602,2.492,1.133,294.4,255.9,-2.048,-3.674
"2026-03-19 01:25:00",1889,13.46,-0.53,-0.343,53.38,54.24,2.188,3.504,3.449,4.9,28.92,990.4565,1.982,0.582,293.4,256.8,-2.111,-3.664
"2026-03-19 01:26:00",1890,13.45,-0.905,-0.606,53.74,51.1,3.703,4.975,4.53,5.88,33.62,990.4382,0.807,-0.665,294,261.8,-2.19,-3.657
"2026-03-19 01:27:00",1891,13.46,-1.012,-0.54,53.44,51.02,3.141,3.972,3.655,4.606,19.56,990.4568,0.634,-0.696,294.9,262.8,-2.139,-3.656
"2026-03-19 01:28:00",1892,13.46,-0.923,-0.436,52.03,49.94,2.854,3.686,3.707,5.292,20.53,990.4388,-0.012,-1.168,295.3,263.7,-2.122,-3.651
"2026-03-19 01:29:00",1893,13.46,-0.651,-0.262,51.5,49.64,3.944,5.126,6.126,7.252,36.34,990.3839,0.954,-0.183,296.7,266.8,-1.92,-3.639
"2026-03-19 01:30:00",1894,13.45,-0.418,-0.121,49.97,48.6,4.545,5.419,6.898,7.84,55.36,990.3908,0.56,-0.442,298.5,270.1,-1.689,-3.624
"2026-03-19 01:31:00",1895,13.46,-0.152,0.055,48.55,47.92,3.129,3.798,4.633,4.9,51.71,990.4149,1.47,0.499,299,270.7,-1.463,-3.599
"2026-03-19 01:32:00",1896,13.46,0.09,0.19,48.53,48.66,1.121,1.707,2.265,2.94,27.85,990.4148,2.509,1.419,298.3,268.4,-1.344,-3.57
"2026-03-19 01:33:00",1897,13.46,0.125,0.195,49.12,48.6,2.504,3.327,2.986,3.92,25.77,990.4061,2.704,1.566,297.2,265,-1.342,-3.542
"2026-03-19 01:34:00",1898,13.45,-0.02,0.135,49.92,49.23,2.493,3.418,2.986,3.92,41.33,990.4024,1.571,0.51,296.1,263.1,-1.423,-3.522
"2026-03-19 01:35:00",1899,13.46,-0.235,0.004,50.85,49.55,2.261,3.377,2.574,4.018,48.36,990.4039,0.932,-0.217,295.3,262.7,-1.523,-3.507
"2026-03-19 01:36:00",1900,13.46,-0.439,-0.077,50.1,48.92,2.005,2.576,2.986,3.724,56.4,990.3849,-0.331,-1.579,295.6,264.3,-1.526,-3.503
"2026-03-19 01:37:00",1901,13.46,-0.303,-0.029,51.18,51.57,0.566,1.303,1.956,2.352,354.5,990.3908,0.684,-0.631,295.8,264.5,-1.439,-3.503
"2026-03-19 01:38:00",1902,13.46,-0.303,-0.203,51.22,51.12,1.065,2.218,2.214,2.842,5.257,990.386,1.705,0.27,293.8,262.1,-1.513,-3.509
"2026-03-19 01:39:00",1903,13.46,-0.581,-0.397,51.33,51.19,0.739,1.536,1.905,2.352,11.72,990.3746,0.189,-1.258,292.6,259.7,-1.663,-3.524
"2026-03-19 01:40:00",1904,13.46,-0.653,-0.452,51.17,51.17,0.155,0.987,0.772,1.666,6.381,990.3778,-0.328,-1.615,291.4,256,-1.752,-3.545
"2026-03-19 01:41:00",1905,13.45,-0.669,-0.496,51.84,52.15,0.003,0.912,0.103,1.176,6.103,990.3763,-0.263,-1.549,290.2,253.3,-1.814,-3.573
"2026-03-19 01:42:00",1906,13.46,-0.76,-0.6,52.59,53.23,0,1.064,0,1.372,354.1,990.3626,-0.254,-1.664,289.3,250,-1.885,-3.604
"2026-03-19 01:43:00",1907,13.46,-0.904,-0.733,52.66,51.94,0,1.265,0,1.862,2.549,990.3283,-0.153,-1.825,288.2,247.2,-1.958,-3.64
"2026-03-19 01:44:00",1908,13.46,-0.998,-0.759,52.39,52.01,1.543,2.401,2.831,4.214,0.651,990.3162,-0.137,-1.913,288.1,244,-2.033,-3.685
"2026-03-19 01:45:00",1909,13.45,-1.026,-0.814,52.92,53.2,2.637,3.301,4.015,4.802,57.65,990.3032,0.049,-1.772,289.4,240.3,-2.102,-3.721
"2026-03-19 01:46:00",1910,13.46,-1.119,-0.895,52.9,52.06,2.426,3.333,2.986,4.214,40.24,990.31,-0.15,-2.094,289.4,238.9,-2.201,-3.748
"2026-03-19 01:47:00",1911,13.45,-1.125,-0.866,53.37,53.21,2.368,3.178,3.089,3.724,27.49,990.3118,0.149,-1.935,290,240.1,-2.224,-3.768
"2026-03-19 01:48:00",1912,13.45,-1.246,-0.971,54.19,53.19,2.513,3.502,2.883,3.92,15.23,990.3246,0.428,-1.62,289.6,240.5,-2.329,-3.788
"2026-03-19 01:49:00",1913,13.45,-1.453,-1.021,55.09,54.43,1.664,2.76,2.265,3.234,4.264,990.3138,0.131,-1.914,288.6,239.7,-2.46,-3.81
"2026-03-19 01:50:00",1914,13.44,-1.666,-1.212,54.93,52.91,1.989,3.57,4.067,5.586,27.41,990.2853,-0.484,-2.722,287.5,238.1,-2.591,-3.847
"2026-03-19 01:51:00",1915,13.46,-1.624,-1.06,54.54,50.56,2.747,3.761,3.604,4.606,13.68,990.2772,-0.254,-2.499,289,235.1,-2.614,-3.876
"2026-03-19 01:52:00",1916,13.46,-1.505,-0.743,53.85,49.86,2.322,3.246,2.78,3.724,27.48,990.2766,0.077,-2.096,287.4,231.2,-2.73,-3.906
"2026-03-19 01:53:00",1917,13.46,-1.46,-0.623,53.84,50.85,2.434,3.537,2.934,4.41,30.78,990.2797,0.034,-2.281,286.7,228.3,-2.845,-3.938
"2026-03-19 01:54:00",1918,13.46,-1.503,-0.654,53.85,50.69,2.515,3.39,2.831,3.92,27.8,990.2622,-0.4,-2.891,286.9,226.8,-2.895,-3.971
"2026-03-19 01:55:00",1919,13.46,-1.473,-0.633,54.3,51.08,2.654,3.842,2.934,4.116,27.46,990.2509,0.421,-2.112,286.4,225.5,-2.965,-4.005
"2026-03-19 01:56:00",1920,13.46,-1.611,-0.657,54.93,50.65,2.671,3.964,3.089,4.41,27.84,990.247,0.344,-2.226,286.1,226.1,-3.076,-4.039
"2026-03-19 01:57:00",1921,13.45,-1.8,-0.673,55.63,51.63,2.456,3.828,2.677,4.312,34.83,990.2451,0.141,-2.39,285.2,226.4,-3.221,-4.081
"2026-03-19 01:58:00",1922,13.45,-2.007,-0.818,56.08,51.04,2.642,3.991,3.192,4.606,26.86,990.2593,-0.248,-2.816,284.9,225.2,-3.339,-4.122
"2026-03-19 01:59:00",1923,13.46,-2.025,-0.782,55.49,50.87,2.804,3.915,4.221,4.802,18.85,990.2614,-0.738,-3.283,285.2,224.9,-3.399,-4.166
"2026-03-19 02:00:00",1924,13.46,-1.863,-0.759,55.11,52.38,2.173,3.187,3.192,4.214,44.54,990.2771,0.76,-1.84,286,223.9,-3.363,-4.206
"2026-03-19 02:01:00",1925,13.46,-1.928,-1.021,55.65,53.56,2.746,3.713,3.707,4.802,42.02,990.2783,0.13,-2.475,285.2,222.6,-3.457,-4.245
"2026-03-19 02:02:00",1926,13.46,-1.947,-1.244,55.61,53.53,3.384,4.53,4.273,5.39,39.61,990.2629,0.49,-2.204,287.3,222.1,-3.382,-4.274
"2026-03-19 02:03:00",1927,13.46,-1.925,-1.295,55.49,53.48,3.516,4.659,4.273,5.39,41.31,990.268,0.872,-1.762,287.7,222,-3.35,-4.274
"2026-03-19 02:04:00",1928,13.45,-1.867,-1.279,55.97,54.61,3.772,4.799,4.582,5.782,44.52,990.2752,1.358,-1.232,287.9,221.9,-3.335,-4.276
"2026-03-19 02:05:00",1929,13.45,-1.718,-1.177,54.57,51.85,4.384,5.4,5.097,6.076,35.97,990.2598,0.157,-2.459,289.2,222.8,-3.267,-4.274
"2026-03-19 02:06:00",1930,13.45,-1.318,-0.864,52.64,50.93,4.084,5.159,5.56,6.86,45.83,990.258,1.453,-1.19,290.9,223.8,-2.983,-4.257
"2026-03-19 02:07:00",1931,13.46,-1.018,-0.651,51.65,50.55,5.376,6.543,7.053,8.72,40.4,990.2208,1.488,-1.066,292.3,224.7,-2.792,-4.224
"2026-03-19 02:08:00",1932,13.46,-0.882,-0.565,51.74,51.03,4.837,6.029,5.869,7.056,35.82,990.2466,2.128,-0.25,292.3,224.4,-2.66,-4.183
"2026-03-19 02:09:00",1933,13.45,-0.955,-0.657,53.59,53.52,4.743,5.93,6.126,7.35,57.53,990.2523,2.421,0.124,291.8,223,-2.635,-4.142
"2026-03-19 02:10:00",1934,13.45,-1.153,-0.711,52.55,50.83,4.639,5.721,5.972,7.448,51.82,990.2668,0.713,-1.67,292.1,222.5,-2.605,-4.11
"2026-03-19 02:11:00",1935,13.46,-1.055,-0.683,52.34,50.75,4.894,6.122,6.023,7.252,35.35,990.2651,1.849,-0.585,292.2,222.2,-2.488,-4.096
"2026-03-19 02:12:00",1936,13.46,-1.037,-0.645,52.56,51.03,4.853,6.341,5.766,7.252,33.5,990.2546,1.495,-0.978,292.4,223.1,-2.438,-4.072
"2026-03-19 02:13:00",1937,13.45,-1.064,-0.608,51.88,49.8,4.99,6.326,5.972,7.154,40.24,990.2481,1.166,-1.209,292.4,223.5,-2.434,-4.049
"2026-03-19 02:14:00",1938,13.46,-0.985,-0.551,51.35,50.05,4.613,5.707,5.92,7.154,46.92,990.2544,0.992,-1.424,292.6,223.4,-2.346,-4.025
"2026-03-19 02:15:00",1939,13.45,-0.938,-0.609,52.35,52.22,3.812,4.689,5.354,6.174,57.57,990.2872,1.883,-0.57,292.3,222.4,-2.272,-4.007
"2026-03-19 02:16:00",1940,13.45,-1.139,-0.824,53.83,54.13,3.88,4.948,4.942,6.174,44.85,990.2693,1.426,-1.068,291.9,222.3,-2.336,-3.992
"2026-03-19 02:17:00",1941,13.46,-1.346,-1.008,53.76,50.76,5.444,7.09,7.619,9.31,27.32,990.2292,0.831,-1.777,291.7,222.7,-2.397,-3.995
"2026-03-19 02:18:00",1942,13.46,-1.009,-0.652,50.15,48.61,4.901,5.746,8.29,9.11,14.24,990.2917,-0.014,-2.508,294.6,223.9,-2.144,-3.985
"2026-03-19 02:19:00",1943,13.46,-0.596,-0.38,49.01,48.14,3.635,4.626,4.942,6.37,33.02,990.3242,2.403,0.061,293.2,223.6,-2.018,-3.953
"2026-03-19 02:20:00",1944,13.46,-0.506,-0.325,49.9,50.2,3.552,4.59,4.273,5.488,35.05,990.3321,2.449,-0.041,292.3,223.8,-2.004,-3.924
"2026-03-19 02:21:00",1945,13.46,-0.747,-0.541,51.48,51.86,3.887,5.249,4.788,6.076,52.04,990.3398,2.078,-0.405,291.3,224.5,-2.119,-3.91
"2026-03-19 02:22:00",1946,13.46,-1.1,-0.759,52.32,51.2,4.271,5.273,5.148,6.37,30.03,990.3368,1.095,-1.325,291.1,226.4,-2.258,-3.908
"2026-03-19 02:23:00",1947,13.46,-1.345,-0.931,53.63,53.47,2.671,3.666,3.346,4.704,32.76,990.3576,0.808,-1.607,289.2,228.6,-2.437,-3.921
"2026-03-19 02:24:00",1948,13.45,-1.675,-1.241,55.54,54.78,3.069,4.34,4.015,5.39,49.08,990.3508,-0.411,-2.908,289,231.2,-2.579,-3.947
"2026-03-19 02:25:00",1949,13.46,-1.788,-1.312,54.39,51.65,3.914,5.174,5.045,6.566,29.77,990.3159,-0.751,-3.193,291,234.6,-2.562,-3.977
"2026-03-19 02:26:00",1950,13.46,-1.491,-1.001,53.72,52.2,3.957,5.317,4.582,5.88,30.38,990.3226,0.698,-1.683,292.2,237.8,-2.427,-3.996
"2026-03-19 02:27:00",1951,13.46,-1.415,-0.958,54.15,52.44,3.659,4.824,4.17,5.488,16.02,990.3448,1.499,-0.583,291.1,239.4,-2.527,-3.999
"2026-03-19 02:28:00",1952,13.46,-1.62,-1.063,54.49,52.26,3.309,4.715,3.861,5.39,19.49,990.3629,0.515,-1.451,290.3,240.5,-2.668,-4.003
"2026-03-19 02:29:00",1953,13.46,-1.745,-1.098,54.34,51.65,3.118,4.523,3.501,5.194,28.6,990.3593,-0.025,-1.953,290.2,239,-2.737,-4.012
"2026-03-19 02:30:00",1954,13.46,-1.716,-1.082,54.41,52.58,2.969,4.158,3.758,4.998,32.84,990.3532,0.276,-1.681,290,237,-2.761,-4.03
"2026-03-19 02:31:00",1955,13.46,-1.746,-1.208,54.64,53.67,3.125,4.268,3.655,5.194,33.82,990.3379,0.339,-1.638,289.5,236.8,-2.82,-4.051
"2026-03-19 02:32:00",1956,13.46,-1.808,-1.338,54.22,51.87,4.763,6.05,7.362,8.13,50.95,990.2754,-0.459,-2.517,290.9,239.1,-2.804,-4.068
"2026-03-19 02:33:00",1957,13.46,-1.419,-1.042,55.67,54.7,4.745,5.904,5.457,6.664,61.98,990.2773,0.803,-1.229,293.4,242.3,-2.582,-4.065
"2026-03-19 02:34:00",1958,13.46,-1.279,-0.898,53.19,50.54,4.41,5.554,5.148,6.272,43.18,990.2892,0.863,-0.943,293.4,245.8,-2.543,-4.051
"2026-03-19 02:35:00",1959,13.46,-1.061,-0.69,52.08,50.75,4.545,5.766,5.405,6.664,36.82,990.2824,1.088,-0.687,294.3,248.5,-2.389,-4.029
"2026-03-19 02:36:00",1960,13.46,-1.034,-0.694,52.68,51.4,3.754,5.116,4.582,6.272,46.02,990.2891,1.648,0.111,293.7,250.3,-2.375,-4.004
"2026-03-19 02:37:00",1961,13.46,-1.189,-0.803,53.17,51.31,3.652,4.974,4.273,5.978,19.19,990.2781,1.091,-0.449,293.6,250.4,-2.374,-3.98
"2026-03-19 02:38:00",1962,13.46,-1.318,-0.837,53.33,50.53,3.363,4.836,3.912,5.292,23.4,990.2889,1.076,-0.469,292.8,250,-2.42,-3.962
"2026-03-19 02:39:00",1963,13.45,-1.409,-0.841,53.7,52.11,3.427,4.637,4.427,5.684,50.27,990.2726,0.633,-0.842,292.5,249.2,-2.478,-3.957
"2026-03-19 02:40:00",1964,13.46,-1.395,-0.886,53.4,51.58,4.62,5.804,6.126,6.958,22.56,990.2068,-0.088,-1.74,293.6,249.4,-2.416,-3.944
"2026-03-19 02:41:00",1965,13.45,-1.27,-0.863,52.5,50.32,4.639,5.921,5.56,7.252,36.16,990.2143,0.777,-0.76,294.3,252,-2.315,-3.935
"2026-03-19 02:42:00",1966,13.46,-1.144,-0.758,51.51,50.49,4.341,5.505,5.457,6.37,40.66,990.2196,0.831,-0.595,294.7,256,-2.241,-3.918
"2026-03-19 02:43:00",1967,13.46,-1.068,-0.762,52.8,51.79,3.427,4.652,5.199,5.978,29.71,990.244,1.295,-0.112,295.1,259.7,-2.164,-3.903
"2026-03-19 02:44:00",1968,13.46,-1.238,-0.925,54.55,54.71,2.998,3.947,3.398,4.41,44.31,990.2818,1.404,0.153,293.8,261.7,-2.26,-3.882
"2026-03-19 02:45:00",1969,13.45,-1.537,-1.188,55.13,52.87,2.804,3.995,3.14,4.606,38.89,990.2886,0.416,-0.774,293.2,263.5,-2.391,-3.875
"2026-03-19 02:46:00",1970,13.45,-1.648,-1.235,55.51,54.9,2.416,3.372,3.037,4.018,29.7,990.2859,-0.18,-1.438,293.7,265.5,-2.39,-3.875
"2026-03-19 02:47:00",1971,13.46,-1.726,-1.378,55.73,53.79,2.876,4.135,3.912,5.292,46.23,990.2886,0.29,-0.844,293.4,268.1,-2.459,-3.88
"2026-03-19 02:48:00",1972,13.45,-1.673,-1.226,52.88,50.37,3.443,4.385,4.582,5.488,49.34,990.2673,-1.196,-2.32,295.5,270.8,-2.344,-3.884
"2026-03-19 02:49:00",1973,13.45,-1.194,-0.874,52.19,50.71,2.709,3.633,3.501,4.508,31.98,990.2829,1.369,0.393,296,270.8,-2.153,-3.877
"2026-03-19 02:50:00",1974,13.46,-1.012,-0.767,52.35,51.39,3.047,4.169,4.067,5.978,55.85,990.2751,1.509,0.615,295.5,269.5,-2.135,-3.854
"2026-03-19 02:51:00",1975,13.45,-0.909,-0.644,50.82,50.03,3.265,3.855,4.736,5.684,33.72,990.225,0.248,-0.694,296.4,266.8,-2.035,-3.836
"2026-03-19 02:52:00",1976,13.46,-0.683,-0.506,51.16,49.51,5.784,7.161,7.001,8.53,33.97,990.155,1.156,0.079,297,264.1,-1.886,-3.812
"2026-03-19 02:53:00",1977,13.46,-0.585,-0.38,50.72,49.1,7.106,8.64,9.52,10.88,58.15,990.1168,1.059,0.039,297.9,263.2,-1.76,-3.785
"2026-03-19 02:54:00",1978,13.46,-0.504,-0.301,51.98,49.39,6.08,7.398,7.722,8.43,50.69,990.1608,1.112,0.112,298.4,263.1,-1.627,-3.741
"2026-03-19 02:55:00",1979,13.46,-0.581,-0.334,51.03,49.22,5.44,6.738,6.898,8.04,22.03,990.1813,0.838,-0.129,298.1,261.6,-1.595,-3.701
"2026-03-19 02:56:00",1980,13.45,-0.507,-0.259,49.3,48.06,5.641,6.816,7.568,8.92,42.76,990.1672,0.382,-0.693,298.3,257.1,-1.479,-3.666
"2026-03-19 02:57:00",1981,13.46,-0.305,-0.144,48.11,47.53,4.465,5.464,5.714,7.252,44.23,990.1773,1.158,-0.063,298,255.7,-1.355,-3.632
"2026-03-19 02:58:00",1982,13.46,-0.185,-0.087,48.82,48.83,3.363,4.353,4.479,5.586,47.35,990.1822,1.315,-0.065,297.8,256.9,-1.256,-3.599
"2026-03-19 02:59:00",1983,13.45,-0.201,-0.123,48.02,48.18,3.313,4.051,4.118,4.606,37.43,990.1937,1.435,0.045,297.1,258.5,-1.254,-3.578
"2026-03-19 03:00:00",1984,13.45,-0.257,-0.196,49.53,49.39,2.733,3.685,3.346,4.312,13.28,990.2052,1.474,0.072,296.3,259.4,-1.286,-3.562
"2026-03-19 03:01:00",1985,13.45,-0.481,-0.389,50.63,51.02,2.69,3.675,3.604,4.998,53.95,990.1974,0.841,-0.552,295.3,259.4,-1.404,-3.552
"2026-03-19 03:02:00",1986,13.46,-0.774,-0.653,52.08,51.97,3.504,4.619,5.097,6.174,51.37,990.1863,0.207,-1.211,295.4,259.8,-1.495,-3.556
"2026-03-19 03:03:00",1987,13.46,-0.976,-0.796,53.27,52.57,4.207,5.38,4.942,5.978,40.57,990.1912,0.086,-1.278,295.9,260.3,-1.565,-3.561
"2026-03-19 03:04:00",1988,13.46,-1.159,-0.907,54.53,53.2,3.37,4.601,4.118,5.194,36.26,990.2209,0.132,-1.164,295.3,259.5,-1.68,-3.567
"2026-03-19 03:05:00",1989,13.46,-1.338,-1.032,55.13,54.19,3.046,4.265,3.81,4.998,32.76,990.201,-0.255,-1.551,294.7,257.5,-1.784,-3.579
"2026-03-19 03:06:00",1990,13.46,-1.448,-1.112,54.82,53.26,2.572,3.771,3.398,4.508,32.74,990.1716,-0.39,-1.76,293.9,256.1,-1.884,-3.591
"2026-03-19 03:07:00",1991,13.46,-1.482,-1.122,55.77,54.37,2.915,4.267,4.376,6.468,39.17,990.1476,-0.375,-1.872,293.5,255.5,-1.954,-3.604
"2026-03-19 03:08:00",1992,13.46,-1.413,-1.071,54.83,53.2,4.779,5.928,6.126,7.252,52.69,990.1058,-0.421,-1.983,294.9,256.1,-1.958,-3.623
"2026-03-19 03:09:00",1993,13.46,-1.102,-0.835,51.05,49.42,5.798,6.726,7.465,8.33,55.74,990.0936,-0.823,-2.247,296.9,257.6,-1.81,-3.628
"2026-03-19 03:10:00",1994,13.45,-0.685,-0.534,51.01,49.76,4.069,5.098,5.045,6.468,59.28,990.1526,1.051,-0.281,296.8,258,-1.695,-3.617
"2026-03-19 03:11:00",1995,13.46,-0.563,-0.419,50.24,49.22,4.227,5.167,4.942,6.174,43.91,990.1728,0.888,-0.465,297,258.4,-1.633,-3.602
"2026-03-19 03:12:00",1996,13.45,-0.547,-0.381,50.3,50.42,3.275,4.135,3.861,4.802,42.5,990.2137,1.092,-0.214,296.4,259.5,-1.631,-3.592
"2026-03-19 03:13:00",1997,13.46,-0.604,-0.481,51.23,51.71,2.508,3.218,3.243,3.822,41.35,990.2179,0.951,-0.385,295.8,261.5,-1.631,-3.587
"2026-03-19 03:14:00",1998,13.45,-0.742,-0.65,51.92,52.88,2.067,3.123,3.758,4.41,33.6,990.2087,0.824,-0.547,295,263.2,-1.694,-3.584
"2026-03-19 03:15:00",1999,13.44,-0.97,-0.886,53.53,54.43,2.815,3.91,3.861,5.39,24.79,990.166,0.536,-0.835,295,265.6,-1.769,-3.585
"2026-03-19 03:16:00",2000,13.45,-1.266,-1.149,55.83,56.16,3.807,5.176,5.457,7.056,25.95,990.1019,0.117,-1.072,295,268.3,-1.886,-3.589
"2026-03-19 03:17:00",2001,13.46,-1.364,-1.163,52.8,50.72,5.595,6.818,8.29,9.6,17.94,990.057,-1.135,-2.2,297,271.2,-1.851,-3.598
"2026-03-19 03:18:00",2002,13.45,-0.917,-0.767,50.38,49.23,4.894,5.992,5.869,6.958,28.41,990.0673,0.31,-0.511,298,272.6,-1.688,-3.592
"2026-03-19 03:19:00",2003,13.46,-0.588,-0.511,50.2,49.83,4.772,5.767,5.663,6.762,31.79,990.0836,0.872,0.214,298.7,273.1,-1.528,-3.574
"2026-03-19 03:20:00",2004,13.45,-0.535,-0.454,50.92,50.47,4.057,5.175,4.685,6.076,40.39,990.0772,1.45,0.807,298,272,-1.514,-3.548
"2026-03-19 03:21:00",2005,13.46,-0.64,-0.515,52.86,52.03,2.948,3.987,3.758,4.802,38.2,990.0886,0.95,0.201,297.4,270.3,-1.552,-3.525
"2026-03-19 03:22:00",2006,13.46,-0.801,-0.615,52.86,51.53,2.823,3.903,3.552,4.41,38.97,990.0815,0.566,-0.199,296.3,267.2,-1.643,-3.514
"2026-03-19 03:23:00",2007,13.46,-0.921,-0.667,53.94,53.16,2.12,3.186,2.728,4.508,50.2,990.0801,0.305,-0.657,295.5,263.1,-1.709,-3.516
"2026-03-19 03:24:00",2008,13.45,-0.956,-0.645,53.53,51.79,2.815,3.822,3.295,4.606,32.66,990.0687,-0.182,-1.356,295.5,260.2,-1.738,-3.517
"2026-03-19 03:25:00",2009,13.46,-0.936,-0.651,54.64,54.55,2.679,3.753,3.037,4.214,28.26,990.1035,0.39,-0.88,294.7,257.7,-1.794,-3.525
"2026-03-19 03:26:00",2010,13.45,-1.154,-0.887,55.63,55.42,2.467,3.59,3.037,4.116,29.83,990.0973,0.171,-1.18,294,257,-1.917,-3.54
"2026-03-19 03:27:00",2011,13.46,-1.424,-1.133,56.44,55.21,2.355,3.428,2.831,3.92,33.13,990.0848,-0.135,-1.577,293.3,258.2,-2.042,-3.558
"2026-03-19 03:28:00",2012,13.46,-1.614,-1.261,56.66,55.45,2.199,3.158,2.523,3.822,32.52,990.0662,-0.552,-2.024,293.1,260.5,-2.135,-3.578
"2026-03-19 03:29:00",2013,13.45,-1.713,-1.348,57.17,56,1.675,2.739,2.317,3.43,28.68,990.0578,-0.395,-1.84,292.6,259.9,-2.213,-3.605
"2026-03-19 03:30:00",2014,13.45,-1.829,-1.48,58.38,58.23,1.954,3.154,2.574,3.724,16.32,990.077,-0.39,-1.853,291.9,258.8,-2.323,-3.637
"2026-03-19 03:31:00",2015,13.46,-2.048,-1.691,58.5,56.08,3.122,4.485,4.324,5.978,31.66,990.0603,-0.768,-2.207,292,258.5,-2.452,-3.667
"2026-03-19 03:32:00",2016,13.46,-2.102,-1.61,58.49,55.03,3.336,4.819,4.067,5.586,34.88,990.0577,-0.61,-1.945,293,257.8,-2.49,-3.694
"2026-03-19 03:33:00",2017,13.44,-2.039,-1.438,58.37,55.5,3.492,4.807,3.912,5.39,46.3,990.0836,-0.519,-1.876,293.3,258.5,-2.535,-3.719
"2026-03-19 03:34:00",2018,13.46,-1.906,-1.358,58.15,55.15,3.498,4.621,4.221,5.488,41.31,990.0964,-0.301,-1.66,294.1,260.8,-2.496,-3.734
"2026-03-19 03:35:00",2019,13.46,-1.795,-1.281,56.97,54.3,2.964,3.995,3.398,4.312,41.43,990.1125,0.488,-0.744,294,263,-2.49,-3.747
"2026-03-19 03:36:00",2020,13.46,-1.704,-1.25,57.06,55.35,2.395,3.268,2.728,3.92,31.98,990.1177,0.469,-0.761,293.6,265.3,-2.523,-3.754
"2026-03-19 03:37:00",2021,13.45,-1.715,-1.345,57.23,56.28,2.403,3.558,3.037,4.41,22.57,990.1213,0.285,-0.882,293.5,266.5,-2.569,-3.758
"2026-03-19 03:38:00",2022,13.45,-1.839,-1.493,57.7,56.42,2.842,4.124,4.427,5.978,25.71,990.0844,0.054,-1.08,293.7,266.6,-2.6,-3.764
"2026-03-19 03:39:00",2023,13.45,-1.822,-1.433,55.95,52.73,4.444,5.494,5.251,6.664,25.77,990.0435,-0.657,-1.776,295.6,268.9,-2.49,-3.771
"2026-03-19 03:40:00",2024,13.46,-1.399,-1.038,55.11,52.91,3.722,4.908,4.273,5.488,28.63,990.0604,0.983,-0.029,296.6,269.9,-2.28,-3.761
"2026-03-19 03:41:00",2025,13.45,-1.14,-0.817,54.07,53.2,3.384,4.449,4.067,5.096,23.04,990.0732,1.24,0.352,296.1,270.3,-2.25,-3.742
"2026-03-19 03:42:00",2026,13.45,-1.111,-0.836,54.45,53.67,2.732,3.851,3.449,4.606,29.71,990.082,1.446,0.57,295.8,270.9,-2.231,-3.719
"2026-03-19 03:43:00",2027,13.45,-1.228,-0.964,55.71,54.82,2.335,3.428,2.831,4.312,34.63,990.0898,1.083,0.196,295.4,271.7,-2.259,-3.696
"2026-03-19 03:44:00",2028,13.46,-1.392,-1.132,54.74,52.63,3.102,4.286,4.633,5.978,30.17,990.0796,0.506,-0.316,295.3,272.9,-2.295,-3.689
"2026-03-19 03:45:00",2029,13.46,-1.341,-1.019,55.04,52.55,2.937,4.042,3.346,4.606,43.1,990.075,0.356,-0.52,296.5,274.3,-2.179,-3.683
"2026-03-19 03:46:00",2030,13.46,-1.216,-0.889,53.9,52.23,3.002,3.916,3.81,4.606,43.41,990.0732,0.67,-0.104,296.2,274.1,-2.165,-3.675
"2026-03-19 03:47:00",2031,13.45,-1.184,-0.88,54.92,53.9,2.464,3.637,2.831,4.214,39.32,990.0947,1.046,0.331,295.7,273.1,-2.167,-3.665
"2026-03-19 03:48:00",2032,13.46,-1.313,-1.01,55.57,54.72,2.253,3.376,3.449,4.998,32.17,990.0833,0.583,-0.139,295.3,272.4,-2.219,-3.661
"2026-03-19 03:49:00",2033,13.46,-1.461,-1.169,57.18,57.34,3.523,4.56,4.427,5.586,42.95,990.059,0.242,-0.573,295.9,272.9,-2.214,-3.662
"2026-03-19 03:50:00",2034,13.45,-1.542,-1.276,56.56,54.79,4.518,5.875,5.663,6.762,27.53,990.0432,0.008,-0.771,296.5,275,-2.206,-3.657
"2026-03-19 03:51:00",2035,13.46,-1.411,-1.162,56.68,55.54,3.925,4.98,4.839,5.782,31.78,990.0522,0.671,-0.034,297.1,276.3,-2.115,-3.653
"2026-03-19 03:52:00",2036,13.46,-1.386,-1.166,57.09,55.66,3.446,4.378,4.067,4.998,29.65,990.0758,0.696,0.103,296.5,275.1,-2.17,-3.641
"2026-03-19 03:53:00",2037,13.45,-1.419,-1.164,56.48,54.26,3.165,4.308,3.552,4.9,24.83,990.0941,0.392,-0.25,296.4,273.9,-2.186,-3.628
"2026-03-19 03:54:00",2038,13.46,-1.433,-1.103,56.28,54.01,2.683,3.881,3.346,4.606,32.98,990.1079,0.292,-0.41,296,273.2,-2.201,-3.616
"2026-03-19 03:55:00",2039,13.46,-1.454,-1.087,57.05,55.14,2.342,3.56,2.625,4.018,34.51,990.1085,0.531,-0.19,295.6,274.1,-2.223,-3.613
"2026-03-19 03:56:00",2040,13.46,-1.547,-1.126,56.56,54.52,2.486,3.59,2.934,4.214,34.62,990.1142,0.121,-0.596,295.5,277.1,-2.269,-3.614
"2026-03-19 03:57:00",2041,13.46,-1.547,-1.137,56.54,54.03,2.868,3.971,3.295,4.508,49.21,990.137,0.115,-0.548,296,279.3,-2.263,-3.619
"2026-03-19 03:58:00",2042,13.45,-1.479,-1.083,56.48,54.08,2.708,3.814,3.449,4.41,51.39,990.139,0.249,-0.342,296.4,279.9,-2.235,-3.617
"2026-03-19 03:59:00",2043,13.46,-1.387,-1.006,56.58,55.37,2.564,3.529,2.986,4.214,48.08,990.1476,0.444,-0.122,296.6,279.7,-2.203,-3.614
"2026-03-19 04:00:00",2044,13.46,-1.329,-1.03,57.05,57.1,2.384,3.457,3.089,4.508,38.71,990.1708,0.691,0.14,296.6,280,-2.185,-3.613
"2026-03-19 04:01:00",2045,13.46,-1.427,-1.217,57.71,56.92,2.662,4.016,3.449,4.9,36.41,990.1882,0.76,0.23,296.4,281.2,-2.215,-3.603
"2026-03-19 04:02:00",2046,13.46,-1.541,-1.261,56.32,52.62,3.317,4.571,4.479,5.39,41.46,990.1733,0.003,-0.525,297,283.1,-2.206,-3.6
"2026-03-19 04:03:00",2047,13.46,-1.352,-1.027,56.73,55.24,3.335,4.624,3.81,5.096,37.89,990.1724,0.532,0.073,297.7,282,-2.094,-3.592
"2026-03-19 04:04:00",2048,13.45,-1.354,-1.051,57.81,54.55,3.248,4.467,3.604,4.802,36.98,990.1802,1.089,0.743,297,278.8,-2.134,-3.589
"2026-03-19 04:05:00",2049,13.46,-1.462,-1.024,55.38,52.42,2.784,3.654,3.243,4.41,28.88,990.1771,0.056,-0.383,296.8,277.4,-2.154,-3.58
"2026-03-19 04:06:00",2050,13.46,-1.331,-0.937,54.84,53.2,2.138,2.991,3.655,3.724,62.96,990.1645,0.687,0.123,296.7,277.1,-2.093,-3.573
"2026-03-19 04:07:00",2051,13.46,-1.227,-0.912,55.26,54.29,2.075,2.822,3.604,3.724,32.42,990.1769,0.888,0.251,296.9,278.3,-2.044,-3.574
"2026-03-19 04:08:00",2052,13.46,-1.191,-0.953,55.17,52.66,3.741,4.865,5.766,6.86,44.18,990.1678,0.664,0.078,297.1,280.3,-2.038,-3.57
"2026-03-19 04:09:00",2053,13.46,-1.033,-0.777,52.64,51.05,4.561,5.505,5.302,6.664,44.37,990.1545,0.406,-0.181,298.6,282.5,-1.876,-3.566
"2026-03-19 04:10:00",2054,13.45,-0.776,-0.594,53.4,51.93,3.224,4.309,3.912,4.802,44.87,990.1971,1.349,0.895,298.9,283.8,-1.751,-3.547
"2026-03-19 04:11:00",2055,13.46,-0.777,-0.586,53.83,52.71,3.203,4.396,3.758,5.292,37.13,990.1981,1.335,0.99,298.5,284.2,-1.753,-3.524
"2026-03-19 04:12:00",2056,13.46,-0.864,-0.658,54.38,54.33,3.711,4.608,4.788,5.782,45.1,990.1788,0.993,0.636,298.7,284.2,-1.72,-3.509
"2026-03-19 04:13:00",2057,13.45,-0.887,-0.708,55.16,54.88,4.125,5.323,4.942,6.37,49.21,990.1617,0.791,0.475,298.9,284.1,-1.691,-3.49
"2026-03-19 04:14:00",2058,13.46,-0.894,-0.723,55.23,54.26,4.524,5.612,5.354,6.566,23.64,990.1596,0.854,0.487,299.3,284.4,-1.638,-3.473
"2026-03-19 04:15:00",2059,13.46,-0.924,-0.74,55.69,54.08,3.401,4.471,4.118,5.096,21.4,990.1788,1.076,0.789,299,285.2,-1.628,-3.459
"2026-03-19 04:16:00",2060,13.45,-1.011,-0.785,55.31,54.2,3.17,4.463,4.17,5.586,12.52,990.1812,0.75,0.501,298.5,285.5,-1.693,-3.437
"2026-03-19 04:17:00",2061,13.46,-1.094,-0.869,57.14,57.43,3.396,4.625,4.273,6.664,32.5,990.1768,0.608,0.382,298.5,285.4,-1.717,-3.426
"2026-03-19 04:18:00",2062,13.45,-1.171,-0.953,53.06,51.3,5.262,6.616,7.156,8.62,5.435,990.1424,-0.278,-0.49,299.2,285.4,-1.692,-3.422
"2026-03-19 04:19:00",2063,13.45,-0.859,-0.694,51.52,50.35,4.221,5.11,6.126,7.644,5.79,990.1808,0.773,0.602,300,284.7,-1.529,-3.407
"2026-03-19 04:20:00",2064,13.45,-0.606,-0.507,51.14,50.58,2.576,3.305,4.118,4.508,59.6,990.1881,1.442,1.239,300,284.8,-1.415,-3.388
"2026-03-19 04:21:00",2065,13.45,-0.479,-0.437,50.81,50.61,3.236,4.081,5.251,5.88,25.38,990.1823,1.579,1.31,300.1,285.5,-1.343,-3.365
"2026-03-19 04:22:00",2066,13.46,-0.473,-0.451,52.26,52.82,2.812,3.808,3.449,4.41,16.94,990.2047,1.881,1.651,299.5,285.4,-1.347,-3.348
"2026-03-19 04:23:00",2067,13.45,-0.66,-0.631,55.14,54.53,2.685,3.843,3.192,4.312,16.31,990.1987,1.437,1.255,298.8,285.2,-1.425,-3.344
"2026-03-19 04:24:00",2068,13.46,-0.946,-0.789,54.67,54.02,3.415,4.592,4.633,5.978,22.07,990.1844,0.179,-0.046,298.8,285.7,-1.494,-3.339
"2026-03-19 04:25:00",2069,13.46,-1.042,-0.823,56.25,54.8,2.266,3.615,2.831,4.116,26.28,990.1947,0.907,0.708,298.4,285.6,-1.547,-3.335
"2026-03-19 04:26:00",2070,13.46,-1.299,-0.997,57.82,56.43,2.285,3.423,2.574,3.724,37.02,990.1742,0.348,0.125,297.9,285.9,-1.667,-3.342
"2026-03-19 04:27:00",2071,13.46,-1.527,-1.175,58.98,57.01,2.302,3.608,2.78,3.92,40.3,990.1716,-0.044,-0.26,297.6,285.5,-1.78,-3.349
"2026-03-19 04:28:00",2072,13.46,-1.67,-1.274,58.59,55.8,2.691,4.019,3.912,5.096,42.4,990.14,-0.303,-0.556,297.6,284.6,-1.854,-3.358
"2026-03-19 04:29:00",2073,13.46,-1.572,-1.19,57.76,55.97,4.19,5.278,5.663,7.154,31.12,990.1091,-0.348,-0.659,298.7,283.9,-1.788,-3.367
"2026-03-19 04:30:00",2074,13.45,-1.36,-1.082,58.12,58.16,3.373,4.282,4.324,5.586,49.16,990.128,1.05,0.782,298.7,283.3,-1.744,-3.371
"2026-03-19 04:31:00",2075,13.46,-1.346,-1.116,57.47,55.56,2.425,3.378,2.883,4.116,32.89,990.1315,1.056,0.843,298.3,283.3,-1.79,-3.369
"2026-03-19 04:32:00",2076,13.45,-1.353,-1.114,57.11,54.33,2.138,3.263,2.523,3.92,35.27,990.1251,0.992,0.77,297.8,282.7,-1.825,-3.368
"2026-03-19 04:33:00",2077,13.46,-1.403,-1.137,58.21,57.07,2.248,3.348,3.089,3.92,22.59,990.1234,0.869,0.59,297.3,281.3,-1.897,-3.37
"2026-03-19 04:34:00",2078,13.45,-1.508,-1.259,59.04,58.03,2.357,3.294,2.986,3.92,36.52,990.1272,0.684,0.389,297.3,281.9,-1.944,-3.374
"2026-03-19 04:35:00",2079,13.46,-1.618,-1.334,57.99,55.35,2.64,3.781,3.192,4.312,38.59,990.1394,0.605,0.321,297.1,283.5,-2.01,-3.381
"2026-03-19 04:36:00",2080,13.46,-1.596,-1.246,58.27,55.09,1.909,2.86,2.625,3.822,37.85,990.143,0.547,0.272,297.3,284.9,-2.036,-3.39
"2026-03-19 04:37:00",2081,13.45,-1.563,-1.194,58.61,56.59,1.624,2.665,2.059,3.038,47.73,990.1517,0.842,0.658,297.2,285.5,-2.056,-3.397
"2026-03-19 04:38:00",2082,13.46,-1.56,-1.206,58.43,56.65,2.688,3.873,3.449,4.998,43.59,990.1323,0.782,0.611,297.6,285.9,-2.057,-3.403
"2026-03-19 04:39:00",2083,13.46,-1.437,-1.106,56.05,53.94,3.357,4.327,4.376,4.998,41.91,990.1187,0.781,0.616,298.7,286.7,-1.949,-3.409
"2026-03-19 04:40:00",2084,13.45,-1.205,-0.965,55.1,52.89,3.217,4.299,3.758,4.802,32.26,990.1237,2.1,2.05,298.7,286,-1.886,-3.405
"2026-03-19 04:41:00",2085,13.46,-1.116,-0.856,54.84,52.65,2.623,3.626,4.015,4.704,21.44,990.1198,2.081,2.063,298.4,284.8,-1.875,-3.397
"2026-03-19 04:42:00",2086,13.45,-1.064,-0.828,55.63,55.05,2.85,3.698,3.758,4.606,19.56,990.1113,2.04,2.03,298.5,283.8,-1.83,-3.388
"2026-03-19 04:43:00",2087,13.46,-1.121,-0.922,55.33,53.97,2.517,3.736,3.192,4.508,40.82,990.1088,1.995,2.036,298.1,283.2,-1.851,-3.376
"2026-03-19 04:44:00",2088,13.46,-1.122,-0.882,54.29,52.83,3.217,4.317,4.118,5.096,50.26,990.1111,1.762,1.749,298.6,282.7,-1.797,-3.372
"2026-03-19 04:45:00",2089,13.45,-0.962,-0.771,54.71,53.57,2.709,3.457,3.14,4.116,50.5,990.1091,2.362,2.266,298.5,282.7,-1.749,-3.367
"2026-03-19 04:46:00",2090,13.46,-0.94,-0.771,55.41,54.33,2.071,2.796,2.471,3.136,49.59,990.0979,2.347,2.296,298.2,283.3,-1.767,-3.359
"2026-03-19 04:47:00",2091,13.46,-1.035,-0.833,56.7,54.37,1.171,2.224,2.162,2.94,46.4,990.0824,2.193,2.077,297.6,284.2,-1.818,-3.356
"2026-03-19 04:48:00",2092,13.46,-1.177,-0.934,57.4,57.4,1.005,2.005,1.853,2.744,33.85,990.0726,1.735,1.646,297.4,284.4,-1.865,-3.357
"2026-03-19 04:49:00",2093,13.46,-1.278,-1.051,57.39,56.81,1.739,2.594,2.78,4.508,15.05,990.0752,1.868,1.751,297.4,284.1,-1.882,-3.364
"2026-03-19 04:50:00",2094,13.46,-1.311,-1.058,54.73,51.53,3.124,4.265,3.707,4.998,16.23,990.0411,1.691,1.636,298,285,-1.875,-3.365
"2026-03-19 04:51:00",2095,13.46,-1.101,-0.846,55.05,51.78,2.746,3.838,3.501,4.508,22.67,990.0441,2.432,2.485,298.3,284.9,-1.819,-3.368
"2026-03-19 04:52:00",2096,13.46,-1.067,-0.774,55.42,53.7,2.573,3.723,2.934,4.018,19.92,990.0428,2.517,2.651,297.8,283.6,-1.865,-3.364
"2026-03-19 04:53:00",2097,13.46,-1.168,-0.849,56.32,55.48,2.094,3.145,2.78,3.822,16.85,990.0336,2.295,2.446,297.5,281.7,-1.899,-3.36
"2026-03-19 04:54:00",2098,13.46,-1.321,-1.034,56.97,54.9,2.528,3.832,3.398,4.606,24.29,990.0156,2.272,2.344,297.4,281.5,-1.937,-3.362
"2026-03-19 04:55:00",2099,13.46,-1.438,-1.125,57.1,55.09,2.798,3.945,3.501,4.606,25.44,990.0062,2.164,2.228,297.6,283.7,-1.965,-3.37
"2026-03-19 04:56:00",2100,13.45,-1.484,-1.115,56.77,53.84,2.48,3.791,3.758,5.096,34.93,990.0119,2.312,2.466,297.5,284.7,-1.994,-3.375
"2026-03-19 04:57:00",2101,13.45,-1.448,-1.06,57.06,55.72,3.49,4.457,4.17,5.096,48.35,989.999,2.111,2.234,298.4,285.3,-1.926,-3.378
"2026-03-19 04:58:00",2102,13.46,-1.356,-1.033,55.85,52.51,3.574,4.66,4.376,5.292,41.26,990.0226,2.695,2.9,298.5,286.4,-1.903,-3.377
"2026-03-19 04:59:00",2103,13.46,-1.176,-0.849,54.53,52.68,3.181,4.252,3.655,4.998,31.63,990.023,2.653,2.836,298.9,287.6,-1.845,-3.377
"2026-03-19 05:00:00",2104,13.46,-1.055,-0.818,56.54,56.92,3.187,4.201,3.707,4.9,27.89,990.0244,3.318,3.551,299,287.6,-1.788,-3.369
"2026-03-19 05:01:00",2105,13.46,-1.21,-1.049,57.43,56.36,3.038,4.234,4.067,5.292,27.75,990.0157,3.251,3.6,298.5,287.1,-1.852,-3.36
"2026-03-19 05:02:00",2106,13.46,-1.303,-1.082,56.06,53.32,3.732,5.033,4.633,5.684,47.06,989.9823,2.559,2.855,299,287.1,-1.824,-3.356
"2026-03-19 05:03:00",2107,13.45,-1.191,-0.942,54.8,52.65,3.763,4.988,5.199,5.978,38.3,989.9686,3.006,3.304,299.3,286.6,-1.748,-3.355
"2026-03-19 05:04:00",2108,13.46,-1.06,-0.838,55.57,54.94,3.392,4.436,4.221,5.39,15.81,989.9556,3.378,3.66,299.5,286.6,-1.67,-3.34
"2026-03-19 05:05:00",2109,13.46,-1.02,-0.856,54.64,53.63,3.244,4.444,4.685,5.88,14.22,989.9453,3.656,4.034,299.2,287,-1.669,-3.33
"2026-03-19 05:06:00",2110,13.45,-1.032,-0.883,55.93,54.73,5.21,6.486,6.538,7.84,22.27,989.9355,3.457,3.933,299.5,287.8,-1.663,-3.32
"2026-03-19 05:07:00",2111,13.46,-1.099,-0.949,57.35,57.46,4.814,6.063,5.714,7.448,44.48,989.9639,3.353,3.824,299.5,288.4,-1.671,-3.312
"2026-03-19 05:08:00",2112,13.46,-1.136,-0.975,56.68,55.08,4.32,5.325,5.302,5.978,57.14,989.9826,2.883,3.373,299.9,288.7,-1.653,-3.301
"2026-03-19 05:09:00",2113,13.46,-0.993,-0.821,52.86,51.17,3.669,4.449,4.994,5.782,34.79,989.975,3.098,3.526,300.5,288.6,-1.517,-3.291
"2026-03-19 05:10:00",2114,13.46,-0.743,-0.626,52.82,53.02,3.161,4.226,4.015,5.488,30.43,989.9587,4.281,4.711,300.3,287.9,-1.425,-3.278
"2026-03-19 05:11:00",2115,13.45,-0.728,-0.643,53.9,51.99,4.937,6.243,6.589,7.84,41.77,989.9275,4.418,4.944,300,287,-1.432,-3.267
"2026-03-19 05:12:00",2116,13.46,-0.829,-0.651,53.22,52.03,5.093,6.424,6.126,7.056,39.41,989.9191,3.765,4.331,300,286.5,-1.448,-3.256
"2026-03-19 05:13:00",2117,13.46,-0.821,-0.635,53.75,52.6,4.466,5.643,5.354,6.664,37.71,989.9611,4.069,4.595,300.1,286,-1.401,-3.247
"2026-03-19 05:14:00",2118,13.46,-0.862,-0.665,54.19,52.82,3.208,4.381,4.067,5.39,23.65,989.9767,4.324,4.917,299.6,285.1,-1.434,-3.238
"2026-03-19 05:15:00",2119,13.46,-0.931,-0.734,55.17,54.87,3.503,4.643,5.56,7.056,39.47,989.9626,3.935,4.523,299.3,283.8,-1.474,-3.233
"2026-03-19 05:16:00",2120,13.46,-1.012,-0.824,54.31,52.64,5.316,6.637,6.641,7.938,41.07,989.927,3.881,4.406,299.8,283.9,-1.464,-3.232
"2026-03-19 05:17:00",2121,13.46,-0.929,-0.741,56.51,55.95,4.203,5.475,5.508,6.762,34.34,989.9661,4.459,5.037,300,284.5,-1.409,-3.23
"2026-03-19 05:18:00",2122,13.46,-0.972,-0.83,56.39,56.18,4.108,5.495,5.354,7.644,29.11,989.9656,4.599,5.221,299.8,286.2,-1.433,-3.219
"2026-03-19 05:19:00",2123,13.45,-0.979,-0.831,52.79,50.8,6.433,7.427,7.722,8.72,58.97,989.959,3.933,4.597,300.3,288.6,-1.412,-3.213
"2026-03-19 05:20:00",2124,13.46,-0.658,-0.563,50.6,49.92,4.925,5.819,6.95,7.35,51.02,990.0168,4.344,5.061,301.2,289.1,-1.229,-3.202
"2026-03-19 05:21:00",2125,13.46,-0.467,-0.432,50.74,51.26,3.634,4.449,5.148,5.782,50.11,990.0453,5.318,6.169,301,289.1,-1.15,-3.194
"2026-03-19 05:22:00",2126,13.45,-0.448,-0.433,51.25,51.91,2.754,3.602,3.964,4.802,43.67,990.0721,5.507,6.348,300.6,289.3,-1.15,-3.187
"2026-03-19 05:23:00",2127,13.46,-0.54,-0.531,53.03,54.1,2.729,3.575,3.604,4.41,45.72,990.0949,5.248,6.114,300.3,289.4,-1.175,-3.173
"2026-03-19 05:24:00",2128,13.46,-0.695,-0.701,54.96,55.6,1.586,2.599,2.986,3.724,26.45,990.0986,5.17,6.026,300,289.4,-1.213,-3.169
"2026-03-19 05:25:00",2129,13.45,-0.845,-0.809,54.45,53.49,2.925,4.104,3.861,4.802,38.28,990.0778,4.871,5.798,299.7,289.5,-1.262,-3.164
"2026-03-19 05:26:00",2130,13.45,-0.864,-0.743,54.13,52.76,3.858,4.93,5.302,5.978,50.28,990.0555,4.407,5.359,300.5,289.9,-1.226,-3.168
"2026-03-19 05:27:00",2131,13.45,-0.702,-0.581,53.76,52.1,4.589,5.909,5.199,6.468,39.62,990.0244,5.621,6.607,300.8,289.6,-1.156,-3.165
"2026-03-19 05:28:00",2132,13.46,-0.646,-0.494,53.03,52.09,4.695,5.891,5.972,6.762,33.3,990.0269,5.534,6.582,301,289.6,-1.105,-3.158
"2026-03-19 05:29:00",2133,13.46,-0.632,-0.459,52.63,50.94,3.988,5.106,4.53,5.488,40.04,990.0634,6.107,7.289,300.6,289.4,-1.124,-3.151
"2026-03-19 05:30:00",2134,13.46,-0.606,-0.404,50.88,49.62,3.538,4.321,4.942,5.88,44.32,990.0757,5.625,6.816,300.8,289.5,-1.107,-3.144
"2026-03-19 05:31:00",2135,13.45,-0.48,-0.331,50.08,49.69,1.828,2.32,2.728,3.038,45.56,990.0723,6.143,7.363,300.7,288.9,-1.039,-3.135
"2026-03-19 05:32:00",2136,13.45,-0.392,-0.314,52.04,52.1,0.904,1.868,1.441,2.744,28.62,990.0773,7.005,8.19,300.1,288.1,-1.034,-3.123
"2026-03-19 05:33:00",2137,13.45,-0.453,-0.391,52.46,52.76,0.95,1.962,1.802,2.646,35.07,990.0777,6.71,7.999,299.5,287.4,-1.091,-3.123
"2026-03-19 05:34:00",2138,13.46,-0.571,-0.5,53.71,54.87,1.33,2.322,2.42,3.136,49.18,990.0628,6.473,7.8,299.2,286.7,-1.143,-3.122
"2026-03-19 05:35:00",2139,13.45,-0.662,-0.578,53.21,51.76,3.503,4.48,4.582,5.88,61.77,990.0401,6.4,7.775,299.7,286.9,-1.154,-3.12
"2026-03-19 05:36:00",2140,13.45,-0.606,-0.5,53.29,51.51,4.014,5.15,4.839,5.978,47.86,990.0385,6.793,8.17,300.5,286.7,-1.108,-3.122
"2026-03-19 05:37:00",2141,13.46,-0.645,-0.487,52.48,50.39,3.515,4.531,4.633,5.978,53.64,990.0698,7.287,8.8,300.2,286.4,-1.136,-3.119
"2026-03-19 05:38:00",2142,13.46,-0.654,-0.455,53.42,52.72,2.187,3.042,2.986,4.018,46.2,990.1,7.192,8.74,299.7,286.5,-1.184,-3.115
"2026-03-19 05:39:00",2143,13.46,-0.689,-0.517,54.02,52.14,2.601,3.58,3.501,4.312,15.32,990.0899,6.932,8.43,299.8,287.1,-1.205,-3.112
"2026-03-19 05:40:00",2144,13.46,-0.645,-0.482,51.97,50.93,2.828,3.554,4.273,4.9,22.89,990.0901,6.875,8.35,300.3,288,-1.163,-3.116
"2026-03-19 05:41:00",2145,13.45,-0.48,-0.38,50.54,50.62,2.447,3.317,3.192,4.312,36.07,990.1014,7.873,9.54,300.1,287.7,-1.126,-3.115
"2026-03-19 05:42:00",2146,13.46,-0.465,-0.413,51.18,51.87,2.873,3.55,3.501,4.312,28.86,990.0806,7.88,9.61,300,287.1,-1.135,-3.11
"2026-03-19 05:43:00",2147,13.46,-0.545,-0.528,53.41,54.03,2.417,3.211,3.295,4.214,27.52,990.0922,7.942,9.6,299.9,286.8,-1.134,-3.104
"2026-03-19 05:44:00",2148,13.46,-0.697,-0.683,54.47,54.68,2.357,3.11,2.883,3.92,19.36,990.1005,7.915,9.58,299.5,286.4,-1.188,-3.103
"2026-03-19 05:45:00",2149,13.46,-0.887,-0.815,54.86,55.38,1.935,2.845,2.625,3.822,14.23,990.1262,7.599,9.29,299.1,285.9,-1.269,-3.108
"2026-03-19 05:46:00",2150,13.46,-1.027,-0.919,52.75,51.86,1.613,2.74,3.192,4.018,9.54,990.1213,7.394,9.14,298.9,285.3,-1.316,-3.114
"2026-03-19 05:47:00",2151,13.46,-0.964,-0.857,52.72,52.85,1.426,2.162,2.317,2.94,329.2,990.1039,7.783,9.58,299.2,284.7,-1.283,-3.119
"2026-03-19 05:48:00",2152,13.46,-0.873,-0.813,52.44,51.62,1.82,2.395,2.059,2.646,323.9,990.1146,8.92,10.83,298.4,283.9,-1.352,-3.12
"2026-03-19 05:49:00",2153,13.46,-0.922,-0.807,52.74,53.36,1.878,2.334,3.14,2.744,352.5,990.1439,7.897,9.81,298.3,283.8,-1.397,-3.127
"2026-03-19 05:50:00",2154,13.46,-0.903,-0.834,52.79,52.56,1.085,1.814,2.214,2.94,347.8,990.1798,8.6,10.45,298.2,284,-1.401,-3.139
"2026-03-19 05:51:00",2155,13.46,-0.903,-0.816,52.37,52.15,0.998,1.558,1.956,2.45,11.74,990.1913,8.59,10.4,298,285.4,-1.416,-3.155
"2026-03-19 05:52:00",2156,13.46,-0.831,-0.733,52.36,52.61,0.925,1.923,1.647,2.548,12.86,990.1935,8.99,10.87,298.4,286.9,-1.391,-3.161
"2026-03-19 05:53:00",2157,13.46,-0.806,-0.729,54.31,51.14,2.12,3.311,3.192,4.312,13.35,990.1505,9.4,11.44,298.3,287.7,-1.414,-3.165
"2026-03-19 05:54:00",2158,13.46,-0.931,-0.715,51.97,50.71,3.264,4.256,3.964,4.802,50.64,990.1509,8.96,11.16,298.5,288.5,-1.483,-3.17
"2026-03-19 05:55:00",2159,13.46,-0.826,-0.601,50.77,49.84,2.258,2.919,3.243,3.822,22.01,990.1539,9,11.26,299.4,289.6,-1.396,-3.172
"2026-03-19 05:56:00",2160,13.37,-0.634,-0.46,49.77,49.39,0.958,1.395,2.523,2.94,0.148,990.1411,9.74,12.09,299.8,289.9,-1.317,-3.171
"2026-03-19 05:57:00",2161,13.46,-0.46,-0.339,49.34,49.08,0.549,1.511,1.287,2.058,17.1,990.1271,10.55,13.01,299.5,289.6,-1.277,-3.163
"2026-03-19 05:58:00",2162,13.46,-0.328,-0.246,48.91,48.61,0.014,0.47,0.257,1.078,17.09,990.12,10.63,13.04,299.3,289.8,-1.242,-3.16
"2026-03-19 05:59:00",2163,13.46,-0.188,-0.136,49.24,49.59,0.001,0.489,0.051,1.078,24.08,990.1325,10.93,13.42,298.9,289.3,-1.227,-3.149
"2026-03-19 06:00:00",2164,13.46,-0.101,-0.071,48.9,48.68,0,0,0,0,18.99,990.1478,10.77,13.18,298.7,288.6,-1.213,-3.149
"2026-03-19 06:01:00",2165,13.46,-0.048,-0.041,49.24,50.58,0,0.477,0,1.078,354.4,990.1813,10.94,13.26,298.9,288.4,-1.182,-3.148
"2026-03-19 06:02:00",2166,13.46,-0.123,-0.158,48.99,49.79,0.131,1.219,0.618,1.666,49.76,990.1971,10.77,13.04,298.6,288.6,-1.195,-3.148
"2026-03-19 06:03:00",2167,13.46,-0.243,-0.257,49.46,49.99,0.371,1.135,1.081,1.666,55.3,990.2108,10.59,12.85,299.1,289.3,-1.145,-3.142
"2026-03-19 06:04:00",2168,13.46,-0.269,-0.279,49.43,50.28,0.011,0.749,0.206,1.274,32.21,990.2313,11.02,13.42,298.8,289.5,-1.14,-3.14
"2026-03-19 06:05:00",2169,13.46,-0.287,-0.302,49.75,50.85,0,0.908,0,1.372,39.78,990.2318,11.22,13.67,298.7,289.7,-1.128,-3.134
"2026-03-19 06:06:00",2170,13.46,-0.299,-0.321,50.53,52.05,0,0.822,0,1.078,48.85,990.2391,11.56,14.16,298.6,289.8,-1.126,-3.13
"2026-03-19 06:07:00",2171,13.46,-0.33,-0.366,51.19,52.65,0,0.647,0,0.98,22.09,990.2355,11.87,14.68,298.5,290,-1.133,-3.132
"2026-03-19 06:08:00",2172,13.46,-0.383,-0.423,51.17,52.52,0.003,0.798,0.051,0.98,9.26,990.232,12.2,15.2,298.3,290.2,-1.15,-3.132
"2026-03-19 06:09:00",2173,13.46,-0.452,-0.501,52.93,52.77,0.001,1.328,0.051,1.764,16.42,990.2447,12.53,15.82,298.2,289.7,-1.191,-3.133
"2026-03-19 06:10:00",2174,13.46,-0.619,-0.639,54.19,53.42,0,1.29,0,1.568,13.57,990.228,12.36,15.71,298,289.2,-1.261,-3.141
"2026-03-19 06:11:00",2175,13.46,-0.814,-0.757,55.9,56.24,0.002,1.348,0.103,2.058,18.89,990.2438,11.83,15.05,297.7,288.8,-1.327,-3.146
"2026-03-19 06:12:00",2176,13.46,-0.991,-0.848,54.98,53.47,0.507,2.228,1.699,3.038,39.74,990.2553,11.49,14.76,297.7,289.1,-1.375,-3.154
"2026-03-19 06:13:00",2177,13.46,-1.045,-0.788,54.42,52.79,2.36,3.355,3.243,4.41,50.41,990.2373,11.81,15.09,298.6,289.6,-1.362,-3.163
"2026-03-19 06:14:00",2178,13.46,-0.945,-0.698,52.09,50.3,3.258,4.033,3.912,4.606,42.13,990.226,13.15,16.61,299.3,289.6,-1.331,-3.162
"2026-03-19 06:15:00",2179,13.46,-0.733,-0.551,51.21,50.16,2.269,2.972,2.831,3.528,57.5,990.2388,13.94,17.61,299.8,289.5,-1.239,-3.156
"2026-03-19 06:16:00",2180,13.46,-0.552,-0.428,51.84,51.02,2.19,2.916,2.728,3.332,47.32,990.2432,14.96,18.99,299.8,289,-1.217,-3.141
"2026-03-19 06:17:00",2181,13.46,-0.527,-0.409,51.64,51.24,2.055,2.664,2.42,3.038,53.86,990.2463,15.96,20.46,299.4,288.4,-1.25,-3.136
"2026-03-19 06:18:00",2182,13.46,-0.577,-0.43,52.29,50.28,1.786,2.45,2.162,2.94,38.31,990.2477,16.21,21.08,299.2,287.9,-1.283,-3.13
"2026-03-19 06:19:00",2183,13.46,-0.622,-0.439,52.89,51.41,1.523,2.291,2.008,2.744,41.32,990.275,16.25,21.26,299.1,287.4,-1.298,-3.127
"2026-03-19 06:20:00",2184,13.46,-0.658,-0.491,52.96,52.56,1.549,2.333,2.059,2.744,55.45,990.2866,16.37,21.38,299,287.7,-1.31,-3.129
"2026-03-19 06:21:00",2185,13.46,-0.744,-0.613,54.5,55.1,1.306,2.119,2.008,2.842,38.82,990.3065,16.94,22.17,299,288.2,-1.329,-3.127
"2026-03-19 06:22:00",2186,13.45,-0.92,-0.798,55.19,52.22,1.73,2.832,2.214,3.136,45.32,990.3277,16.86,22,298.7,288.8,-1.391,-3.124
"2026-03-19 06:23:00",2187,13.46,-1.035,-0.771,55.52,53.83,2.147,2.951,2.471,3.626,63.62,990.3425,16.19,21.11,298.8,289.2,-1.435,-3.132
"2026-03-19 06:24:00",2188,13.46,-0.993,-0.703,53.11,51.42,2.496,3.351,2.986,3.92,59.87,990.3303,15.72,20.45,299.4,289.3,-1.413,-3.13
"2026-03-19 06:25:00",2189,13.46,-0.853,-0.595,53.26,51.32,2.535,3.104,3.192,3.724,45.92,990.3365,16.01,20.41,299.9,289.3,-1.333,-3.13
"2026-03-19 06:26:00",2190,13.46,-0.723,-0.535,51.44,49.81,1.845,2.561,2.42,3.136,34.44,990.3441,16.11,20.38,299.6,289.5,-1.32,-3.13
"2026-03-19 06:27:00",2191,13.46,-0.627,-0.465,53.56,52.39,1.117,2.145,1.75,2.646,59.3,990.3607,15.9,20.17,299.3,289.2,-1.337,-3.131
"2026-03-19 06:28:00",2192,13.46,-0.698,-0.499,53.43,51.03,1.116,2.009,1.699,2.45,53.23,990.3613,15.4,19.63,299,289.2,-1.385,-3.127
"2026-03-19 06:29:00",2193,13.46,-0.8,-0.568,55.61,54.7,0.832,1.744,1.647,2.352,48.51,990.3514,15.27,19.48,298.9,289.4,-1.396,-3.129
"2026-03-19 06:30:00",2194,13.46,-0.873,-0.689,55.49,54.37,1.056,2.074,2.111,3.038,43.15,990.3635,15.74,20.06,299.1,289.2,-1.41,-3.13
"2026-03-19 06:31:00",2195,13.45,-0.992,-0.854,56.3,56.57,1.755,2.41,2.111,2.94,47.69,990.3592,15.78,20.1,299,289.4,-1.448,-3.128
"2026-03-19 06:32:00",2196,13.46,-1.166,-1.025,59.03,56.96,1.557,2.514,1.853,3.332,59.09,990.378,15.56,19.93,298.8,289.4,-1.51,-3.131
"2026-03-19 06:33:00",2197,13.46,-1.354,-1.109,59.16,56.61,1.113,1.902,1.699,2.352,63.99,990.3862,15.25,19.54,298.7,289.8,-1.57,-3.132
"2026-03-19 06:34:00",2198,13.46,-1.384,-1.057,59.38,57.15,0.863,1.727,1.493,2.156,57.12,990.3911,15.03,19.31,298.6,289.9,-1.596,-3.144
"2026-03-19 06:35:00",2199,13.46,-1.326,-1.029,58.45,55.36,1.333,2.386,1.905,2.842,59.33,990.4011,15.62,19.95,298.8,290,-1.598,-3.149
"2026-03-19 06:36:00",2200,13.46,-1.288,-0.984,58.16,53.51,1.713,2.66,2.059,2.94,62.76,990.4127,16.1,20.59,299.2,290.3,-1.572,-3.153
"2026-03-19 06:37:00",2201,13.46,-1.228,-0.855,57.43,52.83,1.603,2.483,1.956,2.842,63.1,990.4147,16.98,21.56,299.5,290.5,-1.529,-3.152
"2026-03-19 06:38:00",2202,13.45,-1.161,-0.762,57.61,52.46,2.009,2.782,2.317,3.038,59.52,990.4397,17.67,22.45,299.5,290.4,-1.514,-3.151
"2026-03-19 06:39:00",2203,13.46,-1.119,-0.727,58.11,54.97,1.651,2.42,2.059,2.94,47.74,990.4444,18.31,23.46,299.5,290.3,-1.526,-3.15
"2026-03-19 06:40:00",2204,13.46,-1.116,-0.779,56.39,53.53,1.672,2.225,2.265,2.646,42.78,990.4478,18.73,24.1,299.2,290.2,-1.538,-3.147
"2026-03-19 06:41:00",2205,13.46,-1.111,-0.808,54.06,52.68,2.155,2.735,2.42,3.626,50.5,990.4502,18.82,24.31,299.2,290.2,-1.537,-3.141
"2026-03-19 06:42:00",2206,13.46,-1.025,-0.818,54.81,54.51,1.894,2.444,2.368,2.842,47.25,990.451,19.28,24.85,299.3,290,-1.501,-3.137
"2026-03-19 06:43:00",2207,13.45,-0.997,-0.868,55.61,54.32,1.596,2.279,1.905,2.45,43.23,990.4575,19.79,25.49,299.2,289.9,-1.501,-3.132
"2026-03-19 06:44:00",2208,13.45,-1.035,-0.924,54.91,54.5,1.383,1.945,1.699,2.156,46.02,990.4622,20.12,26.05,299,289.9,-1.521,-3.129
"2026-03-19 06:45:00",2209,13.46,-1.061,-0.96,54.99,54.32,0.919,1.588,1.39,1.764,47.62,990.4677,20.69,27.01,298.7,290,-1.553,-3.129
"2026-03-19 06:46:00",2210,13.46,-1.051,-0.973,55.72,56.08,0.483,1.49,0.772,1.764,46.21,990.46,21.45,28.19,298.6,289.9,-1.571,-3.127
"2026-03-19 06:47:00",2211,13.46,-1.055,-1.002,55.09,55.43,0.252,1.37,0.824,1.96,28.25,990.457,21.76,28.72,298.4,289.6,-1.588,-3.129
"2026-03-19 06:48:00",2212,13.46,-1.081,-1.051,56.27,56.66,0.914,1.819,1.647,2.548,22,990.4378,21.06,27.63,298.5,289.5,-1.599,-3.13
"2026-03-19 06:49:00",2213,13.46,-1.178,-1.167,57.03,57.61,1.142,2.101,1.596,2.842,23.51,990.4334,20.56,26.67,298.5,289.2,-1.618,-3.134
"2026-03-19 06:50:00",2214,13.45,-1.357,-1.349,58.53,58.65,1.661,2.811,2.214,3.136,26.82,990.4379,20.23,26.05,298.3,289,-1.661,-3.138
"2026-03-19 06:51:00",2215,13.46,-1.597,-1.516,59.56,55.7,1.647,2.833,2.059,3.038,34.34,990.4437,19.71,25.38,298.1,289.3,-1.737,-3.147
"2026-03-19 06:52:00",2216,13.46,-1.782,-1.485,59.38,55.77,1.913,2.925,2.214,3.234,35.82,990.4593,19.42,24.95,298,289.3,-1.801,-3.154
"2026-03-19 06:53:00",2217,13.46,-1.847,-1.428,60.45,57.54,1.65,2.636,1.956,2.842,37.76,990.4667,19.81,25.55,298,289.3,-1.845,-3.169
"2026-03-19 06:54:00",2218,13.45,-1.894,-1.405,59.85,54.87,1.69,2.698,1.905,2.94,25.17,990.4722,20.3,26.37,297.9,289.1,-1.895,-3.176
"2026-03-19 06:55:00",2219,13.45,-1.898,-1.332,59.93,56.49,1.155,2.432,1.699,3.528,28.12,990.4675,20.52,26.75,297.7,288.8,-1.933,-3.184
"2026-03-19 06:56:00",2220,13.46,-1.872,-1.336,59.05,53.86,1.119,2.031,1.956,2.94,61.78,990.4639,20.82,27.26,297.8,288.5,-1.951,-3.191
"2026-03-19 06:57:00",2221,13.46,-1.778,-1.273,58.45,55.92,1.969,2.635,2.625,3.626,32.58,990.4543,21.66,28.42,298.2,288.5,-1.91,-3.195
"2026-03-19 06:58:00",2222,13.46,-1.628,-1.287,58.97,55.69,2.162,3.111,2.625,3.528,27.39,990.4465,22.53,29.44,298.5,288.6,-1.875,-3.194
"2026-03-19 06:59:00",2223,13.45,-1.674,-1.431,59.21,56.77,2.346,3.563,2.728,3.92,26.69,990.4398,22.58,29.42,298.2,288.4,-1.918,-3.193
"2026-03-19 07:00:00",2224,13.46,-1.837,-1.548,59.67,53.56,2.5,3.733,2.677,3.92,25.82,990.4345,22.38,29.25,298,288.3,-1.979,-3.194
"2026-03-19 07:01:00",2225,13.46,-1.973,-1.47,59.71,53.36,2.427,3.689,2.625,3.92,22.13,990.4166,22.09,28.89,297.8,287.9,-2.035,-3.205
"2026-03-19 07:02:00",2226,13.46,-2.044,-1.386,60.53,52.03,2.013,3.214,2.368,3.528,20.08,990.4186,21.59,28.17,297.6,286.8,-2.085,-3.211
"2026-03-19 07:03:00",2227,13.46,-2.088,-1.279,60.21,51.58,1.901,2.932,2.111,3.332,27.93,990.4178,21.87,28.48,297.3,285.8,-2.124,-3.222
"2026-03-19 07:04:00",2228,13.46,-2.087,-1.167,60.1,52.74,1.549,2.526,1.699,2.842,27.64,990.4382,22.18,28.9,297.2,286.1,-2.146,-3.234
"2026-03-19 07:05:00",2229,13.45,-2.069,-1.148,61.34,56.96,0.777,1.981,1.493,2.548,21.94,990.4423,22.75,29.69,297,286,-2.182,-3.243
"2026-03-19 07:06:00",2230,13.46,-2.115,-1.342,62.19,60.05,0.014,1.469,0.206,1.96,8.71,990.4251,22.84,29.85,296.8,286.5,-2.203,-3.251
"2026-03-19 07:07:00",2231,13.45,-2.202,-1.583,61.59,55.04,1.037,2.396,1.699,2.744,24.82,990.4301,22.82,29.7,296.8,287.5,-2.224,-3.258
"2026-03-19 07:08:00",2232,13.46,-2.279,-1.66,60.26,55.96,1.637,2.714,2.111,3.234,33.27,990.434,23.13,30.15,296.9,288.1,-2.244,-3.268
"2026-03-19 07:09:00",2233,13.45,-2.249,-1.67,60.33,57.46,1.941,2.791,2.368,3.43,40.67,990.415,24.12,31.63,297.1,288,-2.249,-3.275
"2026-03-19 07:10:00",2234,13.45,-2.208,-1.783,61.25,59.93,1.858,2.531,2.111,2.94,41.55,990.4142,25.61,33.69,297.4,287.7,-2.246,-3.279
"2026-03-19 07:11:00",2235,13.45,-2.225,-1.952,62.52,62.54,1.631,2.246,1.802,2.646,45.21,990.4145,27.22,35.99,297.4,287.6,-2.256,-3.285
"2026-03-19 07:12:00",2236,13.45,-2.336,-2.15,63.37,60.98,1.545,2.622,1.853,2.842,27.96,990.4214,27.73,36.89,297.2,287.5,-2.302,-3.291
"2026-03-19 07:13:00",2237,13.45,-2.456,-2.2,63.17,58.86,0.987,2.141,1.647,2.744,31.64,990.3909,27.48,36.62,297.1,287.3,-2.346,-3.292
"2026-03-19 07:14:00",2238,13.45,-2.498,-2.135,63.97,61.82,0,1.022,0.051,1.666,36.52,990.37,26.96,35.91,296.9,286.6,-2.363,-3.293
"2026-03-19 07:15:00",2239,13.46,-2.522,-2.167,63.82,62.3,0,0.604,0,0.882,63.21,990.3548,26.37,34.96,296.7,285.4,-2.379,-3.302
"2026-03-19 07:16:00",2240,13.46,-2.523,-2.228,63.88,63.46,0,0.563,0,0.98,55.38,990.3519,26.37,34.71,296.4,284.8,-2.382,-3.309
"2026-03-19 07:17:00",2241,13.46,-2.49,-2.286,64.13,64.56,0,0.83,0,1.274,45.86,990.3533,27.19,35.72,296.4,284.8,-2.38,-3.312
"2026-03-19 07:18:00",2242,13.45,-2.486,-2.37,64.62,65.21,0.069,1.421,0.412,2.646,28.64,990.3505,28.2,37.15,296.4,285.1,-2.388,-3.316
"2026-03-19 07:19:00",2243,13.46,-2.515,-2.377,62.68,57.45,1.765,2.818,2.162,3.136,33.5,990.3389,28.25,37.35,296.6,285.5,-2.394,-3.318
"2026-03-19 07:20:00",2244,13.46,-2.357,-2.075,62.05,57.39,1.928,2.731,2.368,3.43,55.9,990.3286,28.2,37.19,297,285.4,-2.355,-3.318
"2026-03-19 07:21:00",2245,13.46,-2.072,-1.801,56.53,53.97,2.23,2.72,3.192,3.43,52.13,990.3349,28.12,37,297.9,285.8,-2.208,-3.314
"2026-03-19 07:22:00",2246,13.46,-1.673,-1.521,56.17,54.87,1.465,1.956,1.956,2.352,51.81,990.3617,29.81,38.6,298.3,286.1,-2.046,-3.307
"2026-03-19 07:23:00",2247,13.46,-1.483,-1.413,55.88,53.86,1.509,1.925,1.905,2.352,62.44,990.378,30.65,39.7,298.1,286.9,-1.997,-3.295
"2026-03-19 07:24:00",2248,13.46,-1.424,-1.364,55.44,54.32,1.606,2.146,2.162,2.94,40.26,990.3871,31.36,40.8,298.3,287.9,-1.928,-3.286
"2026-03-19 07:25:00",2249,13.46,-1.375,-1.327,55.14,55.17,1.748,2.204,2.111,2.842,45.31,990.3868,31.94,41.8,298.4,288.1,-1.879,-3.274
"2026-03-19 07:26:00",2250,13.45,-1.355,-1.352,55.9,56.69,1.443,2.014,1.956,2.548,54.08,990.3887,31.76,41.49,298.4,287.5,-1.845,-3.264
"2026-03-19 07:27:00",2251,13.46,-1.45,-1.499,57.72,59.5,1.739,2.302,2.368,3.234,74.75,990.3727,30.68,40.06,298.1,286.4,-1.848,-3.255
"2026-03-19 07:28:00",2252,13.45,-1.609,-1.681,58.9,60.65,1.872,2.318,2.265,2.94,75.41,990.3542,29.64,38.66,298,285.5,-1.86,-3.253
"2026-03-19 07:29:00",2253,13.45,-1.689,-1.753,59.76,60.35,1.261,1.691,1.802,2.254,85.3,990.3397,28.98,37.73,298.1,285.1,-1.847,-3.248
"2026-03-19 07:30:00",2254,13.45,-1.707,-1.766,59.31,60.01,0.905,1.396,1.441,1.96,68.05,990.3362,28.75,37.12,297.8,284.7,-1.847,-3.247
"2026-03-19 07:31:00",2255,13.46,-1.756,-1.8,59.58,60.24,0.064,0.922,0.618,1.372,54.3,990.3409,28.42,36.67,297.6,285.1,-1.854,-3.242
"2026-03-19 07:32:00",2256,13.45,-1.803,-1.853,60.53,61.58,0.002,0.618,0.103,0.98,70.49,990.3615,28.95,37.32,297.4,286.1,-1.852,-3.237
"2026-03-19 07:33:00",2257,13.46,-1.869,-1.917,60.34,59.71,0,0.437,0,0.686,62.11,990.3784,29.59,38.34,297.3,286.9,-1.874,-3.239
"2026-03-19 07:34:00",2258,13.46,-1.942,-1.963,59.26,59.15,0.004,0.753,0.154,1.176,43.32,990.3892,29.82,38.77,297.1,287.2,-1.899,-3.234
"2026-03-19 07:35:00",2259,13.46,-1.963,-1.968,59.39,58.45,0.008,0.863,0.154,1.176,46.05,990.3972,30.43,39.66,297.1,287.1,-1.892,-3.23
"2026-03-19 07:36:00",2260,13.46,-1.957,-1.952,58.46,58.98,0,0.646,0,0.98,48.68,990.4051,31.09,40.56,297.2,286.9,-1.879,-3.228
"2026-03-19 07:37:00",2261,13.46,-1.933,-1.937,59.28,60.39,0,0.372,0,0.882,48.68,990.4205,30.82,40.22,297,286.3,-1.873,-3.23
"2026-03-19 07:38:00",2262,13.46,-1.919,-1.95,59.98,61.11,0,0.318,0,0.588,48.5,990.4156,30.23,39.21,296.7,285.8,-1.881,-3.227
"2026-03-19 07:39:00",2263,13.45,-1.922,-1.96,60.6,61.94,0,0,0,0,48.45,990.4194,29.32,37.84,296.5,285.6,-1.886,-3.231
"2026-03-19 07:40:00",2264,13.46,-1.945,-1.97,62.02,63.2,0.065,0.12,0.721,1.666,214.5,990.4174,28.43,36.36,296.3,285.2,-1.897,-3.234
"2026-03-19 07:41:00",2265,13.46,-2.226,-2.201,63.23,64.89,0.519,1.402,0.978,1.666,207,990.4269,27.84,35.53,296.4,284.8,-1.96,-3.243
"2026-03-19 07:42:00",2266,13.46,-2.544,-2.42,63.59,62.89,0.091,1.134,0.515,1.47,215.4,990.4344,28.43,36.47,296.2,285.9,-2.027,-3.255
"2026-03-19 07:43:00",2267,13.46,-2.563,-2.361,63.2,61.46,0.942,1.45,1.39,1.862,210.6,990.438,30.72,39.9,296.4,286.9,-2.073,-3.269
"2026-03-19 07:44:00",2268,13.46,-2.505,-2.276,62.54,60.73,0.389,1.036,1.081,1.764,157.4,990.451,32.5,42.61,296.5,287.2,-2.117,-3.284
"2026-03-19 07:45:00",2269,13.46,-2.398,-2.182,60.27,58.76,0.006,0.802,0.154,1.372,137,990.4409,33.87,44.69,296.9,287,-2.098,-3.287
"2026-03-19 07:46:00",2270,13.45,-2.197,-2.062,59.64,58.61,0,0.433,0,0.784,121.3,990.4403,35.83,47.27,297,286.5,-2.052,-3.289
"2026-03-19 07:47:00",2271,13.46,-2.033,-1.947,58.21,57.31,0.001,0,0.051,0,141.2,990.4437,36.61,48.25,297.2,286.2,-1.994,-3.283
"2026-03-19 07:48:00",2272,13.46,-1.883,-1.842,57.08,56.61,0,0,0,0,141.1,990.4412,36.61,48.13,297.2,286.5,-1.953,-3.268
"2026-03-19 07:49:00",2273,13.46,-1.75,-1.748,56.42,55.85,0,0,0,0,141.1,990.4519,36.64,48.08,297.2,287.4,-1.908,-3.259
"2026-03-19 07:50:00",2274,13.46,-1.644,-1.655,55.54,54.8,0,0,0,0,141,990.4756,36.62,48.05,297.2,288.4,-1.862,-3.253
"2026-03-19 07:51:00",2275,13.46,-1.558,-1.573,55.31,54.65,0,0,0,0,18.17,990.4925,36.79,48.1,297.4,288.9,-1.82,-3.247
"2026-03-19 07:52:00",2276,13.46,-1.482,-1.501,54.12,53.94,0.011,0.692,0.257,1.568,318.4,990.51,37.02,48.37,297.6,289.1,-1.767,-3.238
"2026-03-19 07:53:00",2277,13.46,-1.424,-1.452,55.23,55.07,0.128,0.759,0.721,1.372,336.3,990.5253,37.8,49.3,297.7,288.8,-1.724,-3.226
"2026-03-19 07:54:00",2278,13.46,-1.427,-1.459,54.8,55.36,0,0.685,0,1.078,317.4,990.5402,38.45,50.42,297.8,288.6,-1.706,-3.22
"2026-03-19 07:55:00",2279,13.45,-1.443,-1.478,54.62,55.04,0,0.81,0,1.274,336.4,990.5413,38.82,51.14,297.8,288.2,-1.691,-3.212
"2026-03-19 07:56:00",2280,13.45,-1.469,-1.5,54.3,54.72,0.003,0.688,0.154,1.176,317.3,990.5392,38.27,50.39,297.8,288,-1.657,-3.208
"2026-03-19 07:57:00",2281,13.46,-1.46,-1.501,54.77,55.88,0.018,0.589,0.36,1.372,329.9,990.5613,37.96,49.8,297.8,287.7,-1.622,-3.204
"2026-03-19 07:58:00",2282,13.46,-1.459,-1.516,55.2,56.6,0,0.605,0,0.98,323.1,990.5649,37.77,49.48,297.7,287.4,-1.625,-3.201
"2026-03-19 07:59:00",2283,13.45,-1.495,-1.562,55.93,56.32,0.003,0.3,0.051,0.686,318.9,990.5744,37.77,49.64,297.6,287.4,-1.626,-3.2
"2026-03-19 08:00:00",2284,13.46,-1.532,-1.586,55.69,55.74,0,0.5,0,0.98,321.2,990.5889,38.11,50.13,297.4,287.6,-1.614,-3.199
"2026-03-19 08:01:00",2285,13.46,-1.57,-1.615,57.32,55.78,0.001,0.704,0.051,1.078,321,990.5983,38.41,50.5,297.4,287.5,-1.617,-3.2
"2026-03-19 08:02:00",2286,13.46,-1.662,-1.625,55.55,55.18,0,0.808,0,1.078,321.6,990.6105,38.19,50.2,297.3,287.6,-1.639,-3.197
"2026-03-19 08:03:00",2287,13.46,-1.668,-1.6,56.79,55.97,0,0.845,0,1.078,318.4,990.6205,38.4,50.52,297.3,287.6,-1.654,-3.197
"2026-03-19 08:04:00",2288,13.37,-1.706,-1.657,60.59,62.87,0.44,1.184,1.287,1.862,229.8,990.6237,39.4,51.76,297.3,287,-1.676,-3.197
"2026-03-19 08:05:00",2289,13.45,-2.193,-2.143,62.67,64.84,1.187,1.837,1.596,2.156,234.2,990.622,39.48,51.85,297.1,286.2,-1.794,-3.201
"2026-03-19 08:06:00",2290,13.46,-2.681,-2.543,65.01,66.62,1.441,2.026,1.75,2.548,242.8,990.6222,37.84,50.07,296.8,286.3,-1.932,-3.209
"2026-03-19 08:07:00",2291,13.46,-3.003,-2.789,66.93,67.81,1.118,1.681,1.441,2.156,250.5,990.6216,36.69,48.17,296.5,286.2,-2.064,-3.231
"2026-03-19 08:08:00",2292,13.46,-3.192,-2.922,68.16,68.05,0.988,1.566,1.287,1.764,255.6,990.6202,36.67,47.85,296.5,286.1,-2.171,-3.256
"2026-03-19 08:09:00",2293,13.46,-3.28,-2.982,69.1,68.87,0.828,1.539,1.184,1.862,253.9,990.6254,37.58,49.28,296.4,286.3,-2.267,-3.275
"2026-03-19 08:10:00",2294,13.46,-3.356,-3.08,69.84,68.93,0.922,1.8,1.338,2.058,250.9,990.6146,39.15,51.65,296.3,286.5,-2.348,-3.293
"2026-03-19 08:11:00",2295,13.46,-3.403,-3.104,69.89,69.3,0.679,1.561,1.287,2.058,246.6,990.6111,41.09,54.53,296.4,286.6,-2.413,-3.305
"2026-03-19 08:12:00",2296,13.45,-3.394,-3.099,69.65,68.5,0.855,1.792,1.39,2.254,251.1,990.6088,43.2,57.23,296.3,286.5,-2.463,-3.316
"2026-03-19 08:13:00",2297,13.45,-3.351,-3.012,69.43,67.29,0.905,1.871,1.287,2.254,250.3,990.6169,44.97,59.8,296.4,286.4,-2.498,-3.327
"2026-03-19 08:14:00",2298,13.46,-3.287,-2.903,68.89,66.59,1.115,1.872,1.287,2.156,251.3,990.6234,46.07,61.43,296.4,286.1,-2.519,-3.332
"2026-03-19 08:15:00",2299,13.46,-3.217,-2.851,68.92,66.32,1.181,1.952,1.441,2.156,252.7,990.6207,45.78,61.02,296.4,286,-2.544,-3.331
"2026-03-19 08:16:00",2300,13.46,-3.184,-2.824,68.32,64.7,1.341,2.162,1.596,2.45,250.7,990.6278,44.88,59.59,296.4,286.5,-2.565,-3.333
"2026-03-19 08:17:00",2301,13.46,-3.101,-2.722,67.69,65.35,1.387,2.156,1.699,2.352,251.1,990.6331,44.86,59.34,296.6,286.9,-2.579,-3.339
"2026-03-19 08:18:00",2302,13.46,-3.018,-2.659,67.38,64.04,1.199,1.994,1.647,2.254,251.5,990.6262,45.43,60.2,296.7,287.1,-2.573,-3.342
"2026-03-19 08:19:00",2303,13.46,-2.982,-2.609,67.13,63.83,1.182,1.865,1.493,2.058,258,990.6306,46.19,61.01,296.7,286.9,-2.578,-3.344
"2026-03-19 08:20:00",2304,13.45,-2.944,-2.604,67.13,65.29,0.956,1.681,1.338,1.862,266.5,990.6205,46.5,61.47,296.7,286.6,-2.575,-3.347
"2026-03-19 08:21:00",2305,13.46,-2.914,-2.664,67.53,66.69,0.293,1.295,0.721,1.666,274,990.6225,46.46,61.4,296.7,286.4,-2.565,-3.343
"2026-03-19 08:22:00",2306,13.46,-2.938,-2.763,68.08,65.94,0.507,1.846,1.39,2.254,270.7,990.6293,46.22,60.88,296.5,286.6,-2.571,-3.348
"2026-03-19 08:23:00",2307,13.46,-2.981,-2.663,67.57,62.65,1.405,1.989,1.905,2.254,271,990.6359,45.85,60.17,296.6,286.9,-2.585,-3.345
"2026-03-19 08:24:00",2308,13.46,-2.95,-2.425,67.6,62.8,1.297,2.051,1.647,2.352,275,990.6546,47.27,61.53,296.7,287,-2.581,-3.344
"2026-03-19 08:25:00",2309,13.46,-2.91,-2.35,66.4,62.69,1.487,2.012,1.75,2.254,274.6,990.6589,45.34,59.18,296.7,287.1,-2.575,-3.348
"2026-03-19 08:26:00",2310,13.46,-2.829,-2.343,66.49,63.67,1.17,1.965,1.441,2.156,274.1,990.6694,46.05,60.09,296.7,287.1,-2.565,-3.347
"2026-03-19 08:27:00",2311,13.46,-2.812,-2.394,66.63,63.13,1.45,2.253,1.699,2.352,276.2,990.6655,47.39,62.11,296.7,287.2,-2.566,-3.347
"2026-03-19 08:28:00",2312,13.46,-2.828,-2.389,66.1,63.29,1.615,2.144,2.008,2.548,278.8,990.6675,49.11,64.69,296.8,287,-2.576,-3.343
"2026-03-19 08:29:00",2313,13.46,-2.805,-2.405,66.34,64.28,1.318,1.991,1.596,2.352,280.3,990.6857,50.87,67.27,296.8,286.5,-2.584,-3.336
"2026-03-19 08:30:00",2314,13.46,-2.811,-2.45,66.77,64.12,1.161,1.801,1.39,2.156,279.3,990.6838,52,69.13,296.7,286.1,-2.585,-3.33
"2026-03-19 08:31:00",2315,13.45,-2.842,-2.51,67.57,64.76,0.56,1.586,1.133,1.764,278,990.6894,52.05,69.35,296.7,285.8,-2.586,-3.326
"2026-03-19 08:32:00",2316,13.46,-2.901,-2.581,68.65,67.41,0.035,1.041,0.36,1.568,243.8,990.7143,51.8,68.81,296.6,285.5,-2.567,-3.32
"2026-03-19 08:33:00",2317,13.46,-3.03,-2.759,69.11,68.25,0.882,1.527,1.493,1.862,231.6,990.7343,51.95,69.09,296.6,285.5,-2.566,-3.31
"2026-03-19 08:34:00",2318,13.46,-3.101,-2.878,68.97,68.35,1.003,1.646,1.441,1.862,250.6,990.7344,52.71,69.94,296.8,286.2,-2.563,-3.305
"2026-03-19 08:35:00",2319,13.46,-3.074,-2.902,68.67,68.32,0.849,1.363,1.287,1.666,258.2,990.7541,53.73,71.44,296.9,286.7,-2.562,-3.302
"2026-03-19 08:36:00",2320,13.46,-3.05,-2.937,69.05,68.4,0.417,1.331,1.236,1.666,273.7,990.7606,54.83,73.12,296.9,286.6,-2.557,-3.305
"2026-03-19 08:37:00",2321,13.46,-3.056,-2.944,68.51,67.33,0.846,1.456,1.184,1.764,275.9,990.7661,54.93,73.5,296.9,286.6,-2.56,-3.298
"2026-03-19 08:38:00",2322,13.45,-3.008,-2.902,68.69,68.64,0.066,1.154,0.566,1.568,275.7,990.7793,54.07,72.2,296.9,286.3,-2.536,-3.296
"2026-03-19 08:39:00",2323,13.46,-2.997,-2.943,68.73,68.36,0.474,1.442,0.927,1.666,270.7,990.7748,53.07,70.65,296.9,286.3,-2.531,-3.295
"2026-03-19 08:40:00",2324,13.46,-3.017,-2.965,69.27,68.94,0.423,1.455,0.927,1.666,270.4,990.7922,52.22,69.34,296.9,286.4,-2.527,-3.297
"2026-03-19 08:41:00",2325,13.46,-3.064,-3.012,69.7,68.64,0.719,1.713,1.184,1.96,269.4,990.7961,52.24,69.14,296.9,286.4,-2.528,-3.298
"2026-03-19 08:42:00",2326,13.46,-3.087,-2.961,68.68,67.9,1.189,1.956,1.544,2.352,269.1,990.7968,52.87,70.03,296.9,286.7,-2.535,-3.298
"2026-03-19 08:43:00",2327,13.45,-3.031,-2.916,69.05,67.5,0.905,1.97,1.236,2.156,269.4,990.8016,53.99,71.69,297,286.3,-2.531,-3.297
"2026-03-19 08:44:00",2328,13.46,-3.021,-2.878,68.65,67.45,1.268,2.091,1.493,2.254,273.5,990.7921,54.26,72.3,296.9,285.3,-2.533,-3.299
"2026-03-19 08:45:00",2329,13.46,-2.995,-2.836,68.32,66.49,1.378,2.2,1.647,2.352,274.1,990.7874,53.52,71.41,296.9,283.7,-2.534,-3.3
"2026-03-19 08:46:00",2330,13.46,-2.973,-2.789,68.9,67.46,0.987,1.936,1.338,2.254,274.2,990.7906,52.43,69.85,296.6,282.1,-2.546,-3.302
"2026-03-19 08:47:00",2331,13.46,-3,-2.834,69.1,67.67,1.189,1.98,1.441,2.156,261.8,990.8052,52.04,69.17,296.4,281.6,-2.548,-3.302
"2026-03-19 08:48:00",2332,13.46,-3.059,-2.912,70.17,69.55,1.359,2.167,2.214,2.744,238.9,990.8373,53.32,70.77,296.4,281.7,-2.559,-3.302
"2026-03-19 08:49:00",2333,13.45,-3.182,-3.065,70.42,70.24,1.806,2.359,2.214,2.646,252.7,990.8494,55.06,73.1,296.5,282.9,-2.602,-3.303
"2026-03-19 08:50:00",2334,13.46,-3.205,-3.078,69.6,68.33,1.514,2.25,1.802,2.548,269.9,990.8621,56.49,75.25,296.6,284.5,-2.616,-3.313
"2026-03-19 08:51:00",2335,13.46,-3.116,-2.946,69.48,68.48,1.394,2.172,1.647,2.45,260.7,990.8932,57.82,77.07,296.7,284.8,-2.614,-3.32
"2026-03-19 08:52:00",2336,13.46,-3.09,-2.945,69.95,68.97,1.275,2.046,1.493,2.156,257.4,990.9076,59.36,79.35,296.7,284.8,-2.612,-3.321
"2026-03-19 08:53:00",2337,13.45,-3.134,-2.99,70.32,68.93,1.495,2.199,1.699,2.352,257.9,990.9036,61.21,82.2,296.8,284.3,-2.617,-3.316
"2026-03-19 08:54:00",2338,13.46,-3.17,-2.982,70.17,68.29,1.456,2.127,1.699,2.254,265.9,990.8902,61.85,83.6,296.7,283.3,-2.627,-3.31
"2026-03-19 08:55:00",2339,13.46,-3.172,-2.96,70.66,68.74,1.338,2.097,1.493,2.254,264.9,990.8743,60.22,81.5,296.6,281.5,-2.633,-3.305
"2026-03-19 08:56:00",2340,13.45,-3.198,-2.944,70.46,66.61,1.436,2.407,1.802,2.548,270.2,990.8613,57.18,77.03,296.4,280.3,-2.647,-3.302
"2026-03-19 08:57:00",2341,13.46,-3.178,-2.785,70.07,64.68,1.505,2.323,1.699,2.45,275.3,990.8561,55.45,74.17,296.3,280.1,-2.659,-3.312
"2026-03-19 08:58:00",2342,13.46,-3.126,-2.608,69.44,63.74,1.674,2.28,1.905,2.352,276.4,990.8557,54.84,73.14,296.2,280.8,-2.668,-3.321
"2026-03-19 08:59:00",2343,13.45,-3.038,-2.5,68.42,63.33,1.788,2.202,1.905,2.352,277.4,990.8653,54.38,72.31,296.3,281.7,-2.666,-3.327
"2026-03-19 09:00:00",2344,13.45,-2.953,-2.443,68.25,62.19,1.687,2.423,1.853,2.646,277.8,990.8887,54.2,71.91,296.3,282.2,-2.665,-3.332
"2026-03-19 09:01:00",2345,13.45,-2.906,-2.35,67.2,61.39,1.756,2.366,2.008,2.548,281.5,990.8965,54.18,71.9,296.3,282.2,-2.66,-3.334
"2026-03-19 09:02:00",2346,13.46,-2.827,-2.248,67.4,60.78,1.651,2.363,1.802,2.548,283,990.9047,54.58,72.45,296.3,281.7,-2.651,-3.339
"2026-03-19 09:03:00",2347,13.46,-2.781,-2.179,66.69,60.8,1.427,2.195,1.802,2.352,284.6,990.9092,55.43,73.71,296.2,281.4,-2.639,-3.337
"2026-03-19 09:04:00",2348,13.46,-2.745,-2.143,67.34,60,1.115,2.128,1.39,2.352,294.3,990.9213,56.77,75.66,296.1,281.4,-2.63,-3.332
"2026-03-19 09:05:00",2349,13.46,-2.759,-2.132,67.02,62.71,1.349,2.016,1.493,2.254,297.4,990.9303,58.41,78.05,296.1,281.6,-2.618,-3.326
"2026-03-19 09:06:00",2350,13.45,-2.745,-2.253,67.74,62.38,1.16,2.194,1.338,2.352,299,990.9302,60.92,81.6,296.2,281.8,-2.599,-3.322
"2026-03-19 09:07:00",2351,13.45,-2.791,-2.312,68.61,65.24,1.072,1.905,1.493,2.254,311.8,990.9288,63.11,84.8,296.2,281.3,-2.595,-3.308
"2026-03-19 09:08:00",2352,13.46,-2.876,-2.393,68.61,62.28,1.241,1.988,1.441,2.156,309,990.9246,63.76,86,296.2,280.3,-2.599,-3.295
"2026-03-19 09:09:00",2353,13.46,-2.88,-2.317,66.76,60.5,1.323,1.989,1.441,2.058,306.5,990.9186,64.13,86.5,296.1,279.5,-2.597,-3.291
"2026-03-19 09:10:00",2354,13.46,-2.735,-2.189,65.95,59.53,1.393,2.044,1.493,2.156,299.5,990.9347,64.76,87.4,296.1,279.4,-2.556,-3.284
"2026-03-19 09:11:00",2355,13.45,-2.611,-2.082,64.68,59.34,1.511,2.043,1.699,2.352,299.2,990.9452,65.67,88.6,296.3,279.6,-2.513,-3.276
"2026-03-19 09:12:00",2356,13.45,-2.493,-2.055,65.24,62.95,1.103,1.694,1.544,1.96,302.7,990.9754,66.32,89.3,296.4,279.9,-2.47,-3.272
"2026-03-19 09:13:00",2357,13.46,-2.462,-2.194,66.58,66.23,0.069,1.001,0.463,1.568,303.6,991.0056,66.49,89.4,296.3,279.9,-2.453,-3.262
"2026-03-19 09:14:00",2358,13.46,-2.556,-2.374,67.33,64.59,0.041,1.294,0.412,1.666,314.9,991.0212,66.04,88.8,296.1,280,-2.455,-3.253
"2026-03-19 09:15:00",2359,13.45,-2.67,-2.389,67.11,61.93,0.439,1.376,0.618,1.568,315.4,991.0272,65.56,88.1,296.1,279.9,-2.437,-3.244
"2026-03-19 09:16:00",2360,13.46,-2.683,-2.255,66.32,61.86,0.273,1.126,1.03,1.47,309.1,991.0411,64.77,87.1,296,279.2,-2.411,-3.243
"2026-03-19 09:17:00",2361,13.46,-2.595,-2.159,65.85,60.5,0.259,1.062,1.081,1.274,309.2,991.0439,63.34,85,295.9,278,-2.394,-3.24
"2026-03-19 09:18:00",2362,13.46,-2.532,-2.103,66.68,62.5,0.087,1.045,0.36,1.274,309.1,991.0488,62.33,83.4,295.6,276.9,-2.385,-3.24
"2026-03-19 09:19:00",2363,13.46,-2.567,-2.095,66.2,60.72,0.15,1.103,0.36,1.274,309.1,991.0535,62.97,84.3,295.4,276.4,-2.386,-3.241
"2026-03-19 09:20:00",2364,13.45,-2.554,-2.033,64.86,59.88,0.05,0.992,0.309,1.176,309.1,991.0588,64.56,86.8,295.2,276,-2.373,-3.238
"2026-03-19 09:21:00",2365,13.46,-2.421,-1.962,63.61,60.05,0.1,0.957,0.36,1.176,309,991.0667,65.43,88.3,295,274.6,-2.348,-3.233
"2026-03-19 09:22:00",2366,13.45,-2.257,-1.917,62.86,59.79,0.085,1.06,0.412,1.372,309.1,991.0637,65.24,88.1,294.8,272.1,-2.321,-3.231
"2026-03-19 09:23:00",2367,13.46,-2.14,-1.891,62.98,60.76,0,0.976,0,1.274,309.1,991.0773,65.27,87.8,294.5,269,-2.268,-3.229
"2026-03-19 09:24:00",2368,13.46,-2.081,-1.906,63.44,62.62,0,0.476,0,0.784,309.2,991.0721,66.33,89.2,293.9,266.4,-2.237,-3.216
"2026-03-19 09:25:00",2369,13.46,-2.103,-1.987,64.52,64.57,0,0.687,0,1.078,318.7,991.0751,67.62,91,293.5,264.5,-2.214,-3.215
"2026-03-19 09:26:00",2370,13.46,-2.203,-2.129,65.29,63.88,0,0.895,0,1.078,317.9,991.0811,68.29,92.1,293.1,262.9,-2.229,-3.208
"2026-03-19 09:27:00",2371,13.46,-2.328,-2.177,65.27,61.86,0,1.038,0,1.176,318.6,991.0812,68.36,92.1,292.6,261.4,-2.236,-3.203
"2026-03-19 09:28:00",2372,13.46,-2.383,-2.125,64.33,62.27,0,1.029,0,1.274,338.2,991.078,67.66,91,291.9,259.5,-2.24,-3.203
"2026-03-19 09:29:00",2373,13.45,-2.351,-2.11,64.93,62.64,0,0.896,0,1.078,338.4,991.0855,66.25,88.8,291.6,257,-2.241,-3.207
"2026-03-19 09:30:00",2374,13.46,-2.382,-2.176,65.35,62.79,0,0.776,0,0.98,338.3,991.0975,65.22,86.9,291.2,255,-2.241,-3.219
"2026-03-19 09:31:00",2375,13.45,-2.446,-2.221,65.03,61.7,0,0.642,0,0.784,337.4,991.1106,65.15,86.5,290.6,253.3,-2.25,-3.235
"2026-03-19 09:32:00",2376,13.46,-2.455,-2.19,64.23,60.33,0,0.421,0,0.588,337.4,991.1174,64.42,85.3,289.9,251.9,-2.239,-3.248
"2026-03-19 09:33:00",2377,13.46,-2.406,-2.1,64.13,60.03,0,0.436,0,0.588,337.3,991.1218,64.19,84.9,289.1,250.4,-2.249,-3.264
"2026-03-19 09:34:00",2378,13.46,-2.37,-2.009,63.65,59.41,0,0.778,0,1.372,319.5,991.1127,63.82,84.2,288.3,249,-2.259,-3.28
"2026-03-19 09:35:00",2379,13.45,-2.35,-1.948,64.3,61.52,0,0.766,0,1.078,332.7,991.1128,63.08,82.8,287.9,247.4,-2.276,-3.302
"2026-03-19 09:36:00",2380,13.46,-2.409,-2.011,64.9,64.26,0,1.028,0,1.176,340.4,991.116,62.69,81.9,287.4,245.7,-2.345,-3.328
"2026-03-19 09:37:00",2381,13.46,-2.558,-2.229,65.84,61.53,0,1.221,0,1.47,351.8,991.1203,63.71,83,287.2,245.1,-2.42,-3.353
"2026-03-19 09:38:00",2382,13.46,-2.758,-2.408,65.06,62.91,0,1.289,0,1.47,351.7,991.1346,63.75,82.9,286.9,245.7,-2.472,-3.384
"2026-03-19 09:39:00",2383,13.46,-2.903,-2.452,65.45,65.05,0,1.491,0,1.666,351.6,991.1395,63.15,82.4,286.7,245.9,-2.517,-3.418
"2026-03-19 09:40:00",2384,13.46,-2.957,-2.502,65.77,63.02,0.002,1.396,0.103,1.764,12.65,991.1518,60.27,78.71,286.4,246,-2.574,-3.447
"2026-03-19 09:41:00",2385,13.46,-3.038,-2.657,64.18,63.25,0.094,1.578,0.566,1.764,13.02,991.166,59.17,77.42,286.2,245.1,-2.646,-3.482
"2026-03-19 09:42:00",2386,13.46,-3.305,-2.963,63.91,62.44,0,1.421,0,1.862,22.73,991.1602,59.13,77.25,286.3,245.3,-2.722,-3.517
"2026-03-19 09:43:00",2387,13.45,-3.577,-3.235,64.86,64.27,0.064,1.654,0.463,1.764,25.23,991.1766,60.03,78.45,286.2,244.7,-2.835,-3.554
"2026-03-19 09:44:00",2388,13.46,-3.808,-3.509,65.84,64.71,0,1.536,0,1.666,25.1,991.1757,60.92,79.55,285.9,243.8,-2.929,-3.592
"2026-03-19 09:45:00",2389,13.45,-4.036,-3.735,66.72,66.28,0,1.487,0,1.764,25.36,991.1797,62.1,80.9,285.3,242.4,-3.026,-3.622
"2026-03-19 09:46:00",2390,13.46,-4.25,-4.008,67.22,67.24,0,1.73,0,1.96,23.36,991.1974,63.47,82.5,284.7,240.7,-3.111,-3.657
"2026-03-19 09:47:00",2391,13.46,-4.475,-4.292,67.62,67.97,0.001,1.557,0.051,1.862,31.83,991.2108,63.77,82.9,284.6,239.6,-3.221,-3.691
"2026-03-19 09:48:00",2392,13.46,-4.705,-4.57,68.21,68.98,0,1.507,0,1.666,36.36,991.2314,61.84,80.4,284.3,237.5,-3.325,-3.722
"2026-03-19 09:49:00",2393,13.46,-4.929,-4.828,68.96,69.6,0,1.566,0,1.96,39.45,991.241,59.43,76.99,283.6,235.6,-3.412,-3.763
"2026-03-19 09:50:00",2394,13.46,-5.103,-5.026,69.12,69.71,0.41,2.001,1.184,2.352,28.82,991.24,57.25,73.64,283.1,233.8,-3.514,-3.802
"2026-03-19 09:51:00",2395,13.46,-5.238,-5.153,69.14,69.41,0.56,2.225,1.39,2.45,26.13,991.2263,55.49,70.88,282.8,232.5,-3.663,-3.85
"2026-03-19 09:52:00",2396,13.45,-5.324,-5.228,69.19,69.27,0.967,2.34,1.699,2.744,23.71,991.2162,54.71,69.67,282.3,231.2,-3.805,-3.911
"2026-03-19 09:53:00",2397,13.45,-5.403,-5.258,69.07,68.88,1.491,2.618,1.905,2.744,18.43,991.2144,56.23,71.53,282,230.5,-3.948,-3.973
"2026-03-19 09:54:00",2398,13.46,-5.459,-5.26,69,68.4,1.294,2.523,1.647,2.646,18.3,991.2206,61.62,78.66,281.7,230.5,-4.077,-4.034
"2026-03-19 09:55:00",2399,13.46,-5.492,-5.231,68.94,67.75,0.902,2.386,1.39,2.646,18.3,991.2252,75.52,96.2,281.5,231.2,-4.168,-4.09
"2026-03-19 09:56:00",2400,13.45,-5.485,-5.172,68.84,67.3,0.589,2.312,1.081,2.548,18.33,991.2286,92.7,119,281.6,231.6,-4.203,-4.127
"2026-03-19 09:57:00",2401,13.46,-5.463,-5.127,68.58,67.08,0.499,2.217,0.772,2.352,17.04,991.231,95.2,123,281.7,231.4,-4.193,-4.161
"2026-03-19 09:58:00",2402,13.45,-5.445,-5.111,68.37,66.88,0.493,2.222,0.875,2.45,19.46,991.2158,88.2,114,281.6,230.2,-4.184,-4.185
"2026-03-19 09:59:00",2403,13.45,-5.463,-5.107,68.33,67.16,0.495,2.166,0.721,2.254,20.39,991.2125,77.81,99,281.1,228.4,-4.197,-4.222
"2026-03-19 10:00:00",2404,13.46,-5.524,-5.168,68.49,67.62,0.586,2.257,0.772,2.45,23.83,991.2057,72.63,91.4,280.5,226.6,-4.26,-4.264
"2026-03-19 10:01:00",2405,13.46,-5.617,-5.256,68.78,67.52,0.63,2.426,0.824,2.548,21.99,991.1903,60.1,75.38,279.9,225.7,-4.352,-4.318
"2026-03-19 10:02:00",2406,13.45,-5.717,-5.333,68.97,67.85,0.459,2.311,0.669,2.45,24.11,991.1872,55.02,68.59,279.3,224.9,-4.457,-4.384
"2026-03-19 10:03:00",2407,13.46,-5.827,-5.42,69.23,67.72,0.673,2.428,0.978,2.646,22.15,991.1932,57.11,71.18,278.7,224.4,-4.569,-4.447
"2026-03-19 10:04:00",2408,13.45,-5.874,-5.418,69.31,67.13,0.772,2.469,1.287,2.744,20.06,991.1929,66.79,83.2,278.5,224.2,-4.67,-4.502
"2026-03-19 10:05:00",2409,13.45,-5.833,-5.373,68.94,67.37,0.599,2.296,1.184,2.548,30.95,991.2053,79.66,101,278.5,223.7,-4.716,-4.544
"2026-03-19 10:06:00",2410,13.46,-5.838,-5.448,68.86,68.33,0.837,2.181,1.544,2.352,55.34,991.2264,61.81,78.04,278.5,222.8,-4.781,-4.591
"2026-03-19 10:07:00",2411,13.46,-5.949,-5.596,70.26,71.51,1.185,2.259,1.647,2.548,64.7,991.2335,56.59,70.69,278.4,221.9,-4.865,-4.636
"2026-03-19 10:08:00",2412,13.45,-5.986,-5.592,71.56,70.51,1.218,2.258,1.802,2.646,52.49,991.2347,54.28,67.39,279.1,221.9,-4.933,-4.681
"2026-03-19 10:09:00",2413,13.45,-5.88,-5.508,70.46,68.93,1.78,2.435,2.162,2.842,50.3,991.2267,52.17,64.42,279.7,222.4,-4.958,-4.722
"2026-03-19 10:10:00",2414,13.46,-5.694,-5.418,69.24,67.78,1.857,2.487,2.111,2.646,40.98,991.22,51.42,63.26,279.8,222.2,-5.001,-4.753
"2026-03-19 10:11:00",2415,13.45,-5.569,-5.377,68.39,67.04,1.747,2.495,2.111,2.744,39.45,991.2005,50.81,62.49,279.5,222.3,-5.076,-4.781
"2026-03-19 10:12:00",2416,13.45,-5.51,-5.345,67.62,66.36,1.556,2.551,1.802,2.744,30.56,991.2015,50.55,62.16,279.1,222.3,-5.134,-4.816
"2026-03-19 10:13:00",2417,13.45,-5.514,-5.306,67.17,66.06,1.115,2.48,1.544,2.744,22.95,991.2043,51.22,63,278.4,222.4,-5.201,-4.853
"2026-03-19 10:14:00",2418,13.45,-5.578,-5.226,67.18,65.31,1.404,2.575,1.75,2.744,20.65,991.1865,52.52,64.95,277.6,222.4,-5.278,-4.889
"2026-03-19 10:15:00",2419,13.45,-5.603,-5.157,67.01,65.17,1.435,2.436,1.699,2.646,17.46,991.1868,54.57,68.06,277.3,222.3,-5.354,-4.926
"2026-03-19 10:16:00",2420,13.46,-5.638,-5.189,66.97,65.4,1.306,2.353,1.493,2.45,12.32,991.1915,56.61,71.16,276.9,222.6,-5.417,-4.96
"2026-03-19 10:17:00",2421,13.46,-5.706,-5.226,67,65.1,1.233,2.501,1.493,2.646,6.092,991.2006,57.84,73.06,276.7,223.4,-5.465,-4.997
"2026-03-19 10:18:00",2422,13.45,-5.775,-5.186,67.05,64.68,1.344,2.595,1.544,2.744,1.774,991.2051,58.53,74.04,276.5,224,-5.508,-5.025
"2026-03-19 10:19:00",2423,13.46,-5.831,-5.132,67.16,64.71,1.388,2.533,1.596,2.744,2.454,991.2045,58.97,74.53,276.2,224.2,-5.555,-5.058
"2026-03-19 10:20:00",2424,13.45,-5.869,-5.15,67.19,64.71,1.192,2.427,1.493,2.646,0.065,991.2143,60.46,76.61,276,224.5,-5.607,-5.08
"2026-03-19 10:21:00",2425,13.45,-5.921,-5.224,67.09,65.32,0.542,2.087,0.978,2.254,0.118,991.2229,64.65,82.8,276,225.5,-5.671,-5.102
"2026-03-19 10:22:00",2426,13.45,-6.04,-5.363,67.43,65.82,0.5,1.996,0.927,2.254,354.4,991.2355,70.77,92.1,276.1,228.2,-5.727,-5.123
"2026-03-19 10:23:00",2427,13.45,-6.177,-5.537,67.85,66.87,0.355,1.655,0.669,1.862,0.053,991.2595,75.54,99.5,276.5,231.9,-5.764,-5.143
"2026-03-19 10:24:00",2428,13.46,-6.309,-5.713,68.2,67.09,0.025,1.547,0.257,1.862,0.071,991.2704,81.4,108.3,277,237.8,-5.75,-5.159
"2026-03-19 10:25:00",2429,13.45,-6.412,-5.864,68.33,67.91,0,1.279,0,1.666,10.92,991.268,87.3,117,278.3,244.1,-5.717,-5.158
"2026-03-19 10:26:00",2430,13.45,-6.55,-6.027,68.88,68.88,0.045,1.273,0.463,1.862,30.48,991.2637,90.6,121.9,279.3,248.6,-5.716,-5.143
"2026-03-19 10:27:00",2431,13.45,-6.689,-6.188,69.64,69.17,0.141,1.159,0.463,1.96,44.19,991.2724,92.7,125.2,280.5,251.1,-5.711,-5.111
"2026-03-19 10:28:00",2432,13.45,-6.74,-6.324,70.02,69.9,0.19,1.285,0.669,1.764,32.61,991.2827,93,126.1,281.3,254,-5.671,-5.073
"2026-03-19 10:29:00",2433,13.46,-6.73,-6.419,70.12,70.03,0.373,1.508,0.772,1.862,40.05,991.2977,92.8,126.6,282.3,258.1,-5.624,-5.032
"2026-03-19 10:30:00",2434,13.45,-6.703,-6.49,69.83,70.33,0.486,1.762,0.669,1.96,36.15,991.3055,94.3,128.7,283.2,262.5,-5.6,-4.996
"2026-03-19 10:31:00",2435,13.45,-6.724,-6.549,69.98,70.59,0.587,1.842,0.978,1.96,38.8,991.3245,95,129.5,283.9,265.9,-5.588,-4.967
"2026-03-19 10:32:00",2436,13.45,-6.775,-6.589,70.35,71.13,0.781,1.986,1.544,2.254,35.18,991.3494,95.4,129.2,284.5,268.3,-5.568,-4.934
"2026-03-19 10:33:00",2437,13.45,-6.804,-6.598,70.74,71.35,0.439,1.723,0.875,2.156,43.39,991.3629,101.6,136.4,285,268.7,-5.545,-4.898
"2026-03-19 10:34:00",2438,13.46,-6.792,-6.602,71.23,71.64,0.251,1.701,0.618,1.96,36.5,991.3732,105.7,141.7,285.4,267.7,-5.493,-4.85
"2026-03-19 10:35:00",2439,13.45,-6.748,-6.595,71.73,71.93,0.178,1.762,0.463,1.96,37.02,991.3606,104.6,140.2,285.6,265.2,-5.427,-4.805
"2026-03-19 10:36:00",2440,13.45,-6.68,-6.579,71.92,71.79,0.281,1.675,0.463,1.862,37.77,991.3574,101.6,136.8,285.6,261.6,-5.365,-4.761
"2026-03-19 10:37:00",2441,13.45,-6.614,-6.542,71.68,71.83,0.23,1.578,0.412,1.764,42.12,991.3554,93.2,126.6,285.4,257.2,-5.308,-4.725
"2026-03-19 10:38:00",2442,13.45,-6.558,-6.507,71.73,71.86,0,1.356,0,1.568,38.31,991.3575,89.3,121.4,284.7,252.3,-5.257,-4.691
"2026-03-19 10:39:00",2443,13.46,-6.492,-6.432,71.78,72.06,0,0.502,0,1.372,38.5,991.3719,87.1,118.1,284,247.2,-5.2,-4.654
"2026-03-19 10:40:00",2444,13.45,-6.408,-6.371,71.78,72.06,0,0,0,0,38.5,991.3816,83.4,112.8,283.1,242.5,-5.144,-4.626
"2026-03-19 10:41:00",2445,13.45,-6.319,-6.316,71.53,71.95,0,0,0,0,38.47,991.3954,79.07,106.2,281.8,238.8,-5.105,-4.609
"2026-03-19 10:42:00",2446,13.45,-6.246,-6.248,71.57,72.88,0.275,1.429,1.133,2.548,149,991.4105,75.91,101.1,281.2,235.1,-5.098,-4.6
"2026-03-19 10:43:00",2447,13.45,-6.196,-6.196,72.31,73.4,1.27,2.142,2.471,2.548,122.5,991.4078,73.53,97.5,281.5,232.8,-5.139,-4.612
"2026-03-19 10:44:00",2448,13.45,-6.04,-6.056,72.49,73.64,1.891,2.164,2.42,2.548,120.3,991.4188,72.45,95.7,281.4,230.8,-5.171,-4.637
"2026-03-19 10:45:00",2449,13.45,-5.895,-5.902,72.18,73.05,1.121,1.722,1.647,2.058,122.7,991.4151,72.65,95.9,281,230.3,-5.187,-4.655
"2026-03-19 10:46:00",2450,13.46,-5.75,-5.731,71.66,72.18,0.665,1.454,1.184,1.666,124.8,991.416,74.46,98.3,280.5,230.2,-5.187,-4.671
"2026-03-19 10:47:00",2451,13.46,-5.588,-5.56,70.75,71.46,0.191,1.007,0.463,1.372,131.2,991.4164,76.87,101.4,279.8,230.9,-5.18,-4.669
"2026-03-19 10:48:00",2452,13.45,-5.44,-5.366,70.01,70.75,0.002,0.759,0.051,0.98,131.2,991.4185,78.68,103.8,279.2,231.6,-5.141,-4.66
"2026-03-19 10:49:00",2453,13.46,-5.261,-5.163,69.48,70.31,0.002,0.574,0.103,0.686,131.2,991.4201,80.5,106,278.6,232,-5.096,-4.653
"2026-03-19 10:50:00",2454,13.45,-5.051,-4.965,68.99,69.35,0,0.105,0,0.49,131.2,991.4167,81,106.2,277.9,231.3,-5.024,-4.65
"2026-03-19 10:51:00",2455,13.45,-4.853,-4.771,68.28,68.47,0,0,0,0,131.2,991.4,79.88,104.3,277.1,229.4,-4.964,-4.652
"2026-03-19 10:52:00",2456,13.45,-4.692,-4.582,67.65,66.82,0,0,0,0,131.3,991.3918,77.8,101,276.4,226.6,-4.913,-4.651
"2026-03-19 10:53:00",2457,13.45,-4.551,-4.405,67.03,66.07,0,0,0,0,131.3,991.3872,75.99,97.9,275.5,223.7,-4.87,-4.651
"2026-03-19 10:54:00",2458,13.45,-4.432,-4.257,66.6,65.49,0,0,0,0,131.3,991.3883,73.74,93.9,274.4,221.3,-4.833,-4.648
"2026-03-19 10:55:00",2459,13.45,-4.321,-4.141,66.2,65.32,0,0,0,0,131.3,991.3885,73.97,93,273.9,219.7,-4.796,-4.652
"2026-03-19 10:56:00",2460,13.45,-4.218,-4.022,65.67,65.06,0,0,0,0,131.3,991.3897,83.3,104,273.9,218.2,-4.783,-4.661
"2026-03-19 10:57:00",2461,13.46,-4.131,-3.925,65.92,65.39,0.001,0.142,0.051,0.686,52.15,991.3831,117.7,148.3,274.5,217.1,-4.696,-4.634
"2026-03-19 10:58:00",2462,13.45,-3.979,-3.822,65.36,64.66,0,0.435,0,0.588,26.69,991.4027,144.1,185.3,276,216.2,-4.526,-4.576
"2026-03-19 10:59:00",2463,13.46,-3.87,-3.75,64.14,62.7,0.053,1.128,0.412,1.666,24.02,991.4266,141.7,182.9,276.7,215.5,-4.397,-4.562
"2026-03-19 11:00:00",2464,13.46,-3.986,-3.897,62.67,62.65,0.662,1.682,1.441,1.96,32.04,991.4378,104.9,136.9,277.6,215.7,-4.329,-4.596
"2026-03-19 11:01:00",2465,13.45,-4.294,-4.185,62.82,62.78,0.18,1.781,0.978,1.96,24.4,991.4679,85.5,111.1,277.5,217.1,-4.357,-4.647
"2026-03-19 11:02:00",2466,13.45,-4.674,-4.469,63.65,64.21,0.468,1.876,0.978,2.156,21.96,991.4898,79.87,104.5,276.7,218.2,-4.407,-4.7
"2026-03-19 11:03:00",2467,13.45,-5.059,-4.728,64.79,65.11,0.089,1.787,0.412,1.96,21.73,991.5107,90.4,118.9,276.3,219.3,-4.464,-4.736
"2026-03-19 11:04:00",2468,13.46,-5.335,-4.89,65.48,65.24,0,1.796,0,1.96,20.67,991.5201,79.23,105,275.8,220.2,-4.519,-4.77
"2026-03-19 11:05:00",2469,13.45,-5.554,-4.966,66.48,65.77,0,1.379,0,1.666,20.5,991.5266,70.66,92.4,275.1,220.7,-4.6,-4.809
"2026-03-19 11:06:00",2470,13.45,-5.681,-4.991,66.63,65.75,0.002,0.855,0.051,1.176,20.07,991.5255,64.08,83.9,274.6,221.4,-4.684,-4.858
"2026-03-19 11:07:00",2471,13.46,-5.782,-4.982,66.83,65.61,0,0.545,0,0.686,19.98,991.5234,64.66,85.1,274.3,222.4,-4.808,-4.906
"2026-03-19 11:08:00",2472,13.45,-5.909,-4.935,67.5,65.53,0,0.326,0,0.686,20.01,991.5342,67.62,90,273.9,223.6,-4.913,-4.958
"2026-03-19 11:09:00",2473,13.45,-5.954,-4.838,67.79,64.47,0.002,0.676,0.051,1.372,20.56,991.5279,69.3,92.8,273.7,224.1,-4.981,-4.999
"2026-03-19 11:10:00",2474,13.45,-5.969,-4.834,67.61,64.43,0.001,1.458,0.051,1.666,20.4,991.5379,69.48,93.2,273.3,223.3,-5.034,-5.038
"2026-03-19 11:11:00",2475,13.46,-6.019,-5.05,67.38,65.61,0.006,1.314,0.154,1.568,18.96,991.5493,69.47,93.3,273.4,223,-5.072,-5.065
"2026-03-19 11:12:00",2476,13.46,-6.116,-5.327,67.6,66.55,0,0.923,0,1.372,18.96,991.5468,69.12,92.6,273.5,223.6,-5.115,-5.094
"2026-03-19 11:13:00",2477,13.45,-6.201,-5.515,67.94,67.56,0,0.197,0,0.686,18.91,991.5516,67.57,90.1,273.3,224.5,-5.147,-5.117
"2026-03-19 11:14:00",2478,13.45,-6.245,-5.588,68.36,68.45,0,0,0,0,18.91,991.5347,66.37,88,272.7,225.6,-5.156,-5.139
"2026-03-19 11:15:00",2479,13.45,-6.258,-5.569,68.21,67.33,0,0,0,0,18.92,991.5405,67.14,89.2,272.4,226,-5.15,-5.155
"2026-03-19 11:16:00",2480,13.45,-6.288,-5.577,68.3,66.69,0,0,0,0,18.96,991.5497,67.87,90.4,272,226.4,-5.149,-5.171
"2026-03-19 11:17:00",2481,13.45,-6.25,-5.617,68.13,66.79,0,0.037,0,0.392,19.11,991.5289,68.74,91.5,272.2,226.9,-5.169,-5.185
"2026-03-19 11:18:00",2482,13.45,-6.221,-5.714,67.95,67.1,0,0.613,0,1.176,19.16,991.5255,70.14,93.4,272.5,227.2,-5.197,-5.193
"2026-03-19 11:19:00",2483,13.45,-6.253,-5.882,67.73,67.66,0,1.309,0,1.666,19.32,991.5167,72.37,96.7,273.3,227.6,-5.239,-5.195
"2026-03-19 11:20:00",2484,13.46,-6.339,-6.081,67.81,68.46,0,1.407,0,1.568,26.81,991.5007,74.43,99.8,274.3,228.4,-5.308,-5.205
"2026-03-19 11:21:00",2485,13.45,-6.456,-6.26,67.96,69.26,0,1.46,0,1.666,37.2,991.4988,74.92,100.3,274.8,228.8,-5.374,-5.221
"2026-03-19 11:22:00",2486,13.45,-6.606,-6.404,68.33,69.51,0,1.674,0,1.764,40.27,991.4934,72.02,95.9,274.9,228.6,-5.448,-5.239
"2026-03-19 11:23:00",2487,13.45,-6.766,-6.519,68.77,69.87,0,1.731,0,1.96,39.75,991.4959,66.8,88.2,274.9,228.6,-5.533,-5.266
"2026-03-19 11:24:00",2488,13.45,-6.917,-6.644,69.29,70.44,0.031,1.958,0.412,2.156,33.11,991.4946,63.65,83.7,274.5,228.9,-5.624,-5.298
"2026-03-19 11:25:00",2489,13.45,-7.046,-6.77,69.83,71.21,0.516,1.988,1.287,2.156,34.93,991.4916,64.34,85,274.6,230.1,-5.727,-5.329
"2026-03-19 11:26:00",2490,13.45,-7.139,-6.823,70.39,71.48,0.462,2.031,0.669,2.156,40.69,991.4915,67.52,90.1,275,232.2,-5.828,-5.363
"2026-03-19 11:27:00",2491,13.45,-7.212,-6.82,70.82,71.77,0.391,1.958,0.669,2.156,45.41,991.4973,70.78,95.4,275.5,234.5,-5.901,-5.387
"2026-03-19 11:28:00",2492,13.45,-7.278,-6.811,71.21,72.59,0.081,1.747,0.309,1.862,54.65,991.509,72.47,98.2,275.9,236.3,-5.949,-5.402
"2026-03-19 11:29:00",2493,13.45,-7.32,-6.72,72.74,75.68,0.362,1.715,0.721,1.862,65.18,991.504,71.65,97.2,276.2,236.7,-5.991,-5.403
"2026-03-19 11:30:00",2494,13.46,-7.157,-6.391,75.91,76.4,0.482,1.517,0.824,1.764,74.66,991.497,68.47,92.2,276.6,235.6,-6.003,-5.403
"2026-03-19 11:31:00",2495,13.46,-6.778,-6.058,76.54,76.92,0.214,1.338,0.566,1.568,75.18,991.5051,64.71,86.2,276.3,234,-5.982,-5.401
"2026-03-19 11:32:00",2496,13.46,-6.433,-5.811,76.33,75.74,0,1.124,0,1.274,74.6,991.4874,62.94,83.2,276.7,233.6,-5.932,-5.388
"2026-03-19 11:33:00",2497,13.46,-6.131,-5.638,75.28,74.1,0,1.118,0,1.274,57.83,991.4829,63.02,83,277,234,-5.906,-5.377
"2026-03-19 11:34:00",2498,13.46,-5.897,-5.544,74.09,73.89,0,1.117,0,1.274,57.77,991.4778,63.03,83,276.8,235,-5.894,-5.37
"2026-03-19 11:35:00",2499,13.45,-5.728,-5.49,73.19,74.02,0,1.2,0,1.372,57.81,991.4792,62.45,82.4,276.7,235.2,-5.896,-5.377
"2026-03-19 11:36:00",2500,13.45,-5.677,-5.463,72.68,73.99,0,1.265,0,1.47,57.84,991.4828,61.43,80.8,276.3,234.3,-5.896,-5.391
"2026-03-19 11:37:00",2501,13.45,-5.682,-5.428,72.04,72.82,0,1.275,0,1.372,57.81,991.4741,60.18,78.84,275.6,232.6,-5.906,-5.396
"2026-03-19 11:38:00",2502,13.45,-5.733,-5.399,72.49,72.38,0,1.28,0,1.47,57.75,991.4774,59.32,77.51,274.9,231.1,-5.928,-5.395
"2026-03-19 11:39:00",2503,13.45,-5.76,-5.391,72.9,72.23,0,1.378,0,1.47,57.73,991.4785,58.79,76.69,274.5,230.7,-5.961,-5.392
"2026-03-19 11:40:00",2504,13.46,-5.759,-5.368,72.82,72.76,0,1.429,0,1.568,57.64,991.4839,58.34,75.97,274.4,230.9,-6.004,-5.397
"2026-03-19 11:41:00",2505,13.45,-5.783,-5.358,73.03,70.02,0,1.617,0,1.862,47.51,991.483,58.18,75.59,274.3,231.1,-6.054,-5.407
"2026-03-19 11:42:00",2506,13.46,-5.761,-5.394,70.82,68.58,0,1.785,0,1.96,38.06,991.4915,58.32,75.98,274.6,231.1,-6.104,-5.423
"2026-03-19 11:43:00",2507,13.45,-5.737,-5.458,69.56,68.47,0,1.946,0,2.254,31.59,991.4916,59.96,78.47,275.2,231.2,-6.143,-5.433
"2026-03-19 11:44:00",2508,13.45,-5.812,-5.516,69.47,68.13,0.411,2.213,1.441,2.45,27.99,991.5015,61.35,80.7,275.3,231.8,-6.207,-5.451
"2026-03-19 11:45:00",2509,13.46,-5.924,-5.566,69.2,67.77,1.413,2.378,1.905,2.94,11.35,991.503,61.77,81.6,275.2,231.7,-6.284,-5.468
"2026-03-19 11:46:00",2510,13.45,-6.162,-5.808,68.68,69.15,1.322,2.419,1.956,2.646,30.86,991.4955,61.21,81,275.5,231.5,-6.344,-5.491
"2026-03-19 11:47:00",2511,13.45,-6.459,-5.997,69.65,69.37,0.679,2.146,1.184,2.45,34.44,991.4817,59.9,79.19,275.6,231.9,-6.417,-5.517
"2026-03-19 11:48:00",2512,13.45,-6.627,-6.045,70.67,68.94,0.5,1.933,0.669,2.156,33.11,991.481,58.88,77.64,275.4,232.7,-6.46,-5.545
"2026-03-19 11:49:00",2513,13.45,-6.652,-6.084,70.67,68.41,0.565,2.005,0.721,2.156,24.11,991.497,58.79,77.57,275.2,233.6,-6.497,-5.574
"2026-03-19 11:50:00",2514,13.45,-6.637,-6.175,69.99,68.56,0.432,1.801,0.721,2.156,23.11,991.5173,59.62,78.85,275.4,235.4,-6.517,-5.592
"2026-03-19 11:51:00",2515,13.45,-6.658,-6.313,69.56,68.89,0.145,1.714,0.36,1.96,23.37,991.5307,60.5,80.1,275.9,238.2,-6.516,-5.603
"2026-03-19 11:52:00",2516,13.45,-6.743,-6.448,69.45,69.12,0.288,1.78,0.669,1.96,22.37,991.5341,61.13,81,276.2,241.5,-6.53,-5.602
"2026-03-19 11:53:00",2517,13.45,-6.86,-6.575,69.66,69.7,0.368,1.649,0.566,1.862,21.79,991.5566,61.72,82,276.6,244.8,-6.555,-5.599
"2026-03-19 11:54:00",2518,13.46,-6.979,-6.735,69.86,70.27,0.438,1.735,0.566,1.862,21.93,991.565,62.65,83.7,277.3,248.1,-6.578,-5.593
"2026-03-19 11:55:00",2519,13.46,-7.105,-6.902,70.07,70.81,0.351,1.75,0.515,1.862,20.14,991.5676,63.36,85,277.8,250.3,-6.606,-5.596
"2026-03-19 11:56:00",2520,13.45,-7.259,-7.081,70.46,71.57,0.2,1.681,0.412,1.764,12.25,991.5774,63.2,85.1,278.2,251.6,-6.612,-5.596
"2026-03-19 11:57:00",2521,13.45,-7.425,-7.22,71.04,71.78,0.291,1.656,0.515,1.862,12.26,991.5917,63.3,85.3,278.4,252.3,-6.613,-5.591
"2026-03-19 11:58:00",2522,13.45,-7.557,-7.355,71.38,72.19,0.011,1.445,0.206,1.666,9.76,991.6014,64.22,86.7,278.6,253.1,-6.631,-5.579
"2026-03-19 11:59:00",2523,13.45,-7.669,-7.5,71.77,72.62,0,1.469,0,1.568,7.762,991.6168,65.51,88.8,278.8,255.2,-6.651,-5.557
"2026-03-19 12:00:00",2524,13.45,-7.77,-7.562,72.23,74.64,0,1.319,0,1.47,5.064,991.6399,67.22,91.4,279.2,258.1,-6.658,-5.537
"2026-03-19 12:01:00",2525,13.46,-7.846,-7.411,72.65,75.12,0,1.467,0,1.568,2.911,991.666,69.22,94.3,279.8,261.6,-6.654,-5.517
"2026-03-19 12:02:00",2526,13.45,-7.864,-7.164,72.94,72.82,0,1.171,0,1.568,0.071,991.7,70.47,96.7,280.4,264.6,-6.627,-5.521
"2026-03-19 12:03:00",2527,13.45,-7.847,-7.103,72.92,71.29,0,0.703,0,0.882,0.071,991.738,71.22,97.8,281.1,267,-6.568,-5.568
"2026-03-19 12:04:00",2528,13.44,-7.861,-7.199,72.83,71.53,0,0.712,0,0.98,0.071,991.7575,71.24,98,281.8,269.6,-6.526,-5.586
"2026-03-19 12:05:00",2529,13.44,-7.911,-7.346,72.85,72.11,0,0.415,0,0.588,0.059,991.7829,70.27,96.6,282.3,271.5,-6.527,-5.58
"2026-03-19 12:06:00",2530,13.45,-7.979,-7.482,73.08,72.64,0,0.17,0,0.588,0.077,991.8035,68.94,94.6,282.7,272.8,-6.511,-5.57
"2026-03-19 12:07:00",2531,13.44,-8.04,-7.619,73.34,72.75,0,0.049,0,0.392,0.053,991.8303,68.19,93.4,283,273.5,-6.511,-5.553
"2026-03-19 12:08:00",2532,13.45,-8.12,-7.753,73.61,73.4,0,0,0,0,0.071,991.8274,67.75,92.8,283.2,274.4,-6.485,-5.533
