"TOA5","1481","CR3000","1481","CR3000.Std.32.06","CPU:AWS_MaggieMay.CR3","1996","Res_data_1_min"
"TIMESTAMP","RECORD","BattV","temperature_1","temperature_2","rel_humidity_1","rel_humidity_2","wind_speed_1","wind_speed_2","gust_speed_1","gust_speed_2","wind_direction","air_pressure","SWup","SWdown","LWup","LWdown","CNR1_T_degC","ground_temperature"
"TS","RN","Volts","degC","degC","%","%","m/s","m/s","m/s","m/s","deg","hPa","W/m^2","W/m^2","W/m^2","W/m^2","degC","degC"
"","","Min","Avg","Avg","Smp","Smp","Avg","Avg","Max","Max","Smp","Avg","Avg","Avg","Avg","Avg","Avg","Avg"
"2026-03-19 12:17:00",2542,13.46,-7.898,-7.913,75.61,76.56,0,0,0,0,315.8,991.9476,62.42,84.3,285,276.3,-6.228,-5.204
"2026-03-19 12:18:00",2543,13.46,-7.831,-7.815,75.73,76.48,0,0,0,0,315.8,991.9543,62.46,84.5,285.2,276.3,-6.187,-5.172
"2026-03-19 12:19:00",2544,13.45,-7.756,-7.733,75.68,76.51,0,0,0,0,315.8,991.9636,62.31,84.4,285.3,275.9,-6.147,-5.147
"2026-03-19 12:20:00",2545,13.45,-7.685,-7.562,75.65,76.94,0,0.381,0,0.588,315.8,991.9636,61.87,83.8,285.5,275.8,-6.107,-5.118
"2026-03-19 12:21:00",2546,13.45,-7.58,-7.251,75.61,76.35,0,0.459,0,0.588,315.8,991.9633,61.31,83,285.6,275.8,-6.071,-5.087
"2026-03-19 12:22:00",2547,13.46,-7.471,-6.998,75.26,74.25,0,0.003,0,0.098,315.8,991.9828,61.08,82.5,285.7,275.6,-6.031,-5.064
"2026-03-19 12:23:00",2548,13.46,-7.443,-6.908,75.17,74.52,0,0.003,0,0.098,315.8,991.9792,60.84,82.1,285.6,276.5,-5.99,-5.047
"2026-03-19 12:24:00",2549,0,-6.988,-6.373,75.06,74.3,0,0,0,0,315.8,940.0541,58.24,78.48,271,263,-5.614,-4.752
"2026-03-19 12:25:00",2550,13.46,-7.344,-6.665,75.05,73.76,0,0,0,0,315.8,992.0028,62.12,83.8,286.2,277.9,-5.899,-5
"2026-03-19 12:26:00",2551,13.46,-7.269,-6.512,75.13,74.31,0,0,0,0,315.8,992.0143,63.21,85.3,286.4,277.9,-5.86,-4.981
"2026-03-19 12:27:00",2552,13.46,-7.224,-6.447,75.04,73.44,0,0,0,0,315.8,992.0219,64.01,86.6,286.6,277.6,-5.822,-4.952
"2026-03-19 12:28:00",2553,13.46,-7.186,-6.354,75.05,74.09,0,0,0,0,315.8,992.0124,63.86,86.6,286.8,277.2,-5.779,-4.926
"2026-03-19 12:29:00",2554,13.46,-7.152,-6.309,74.9,72.72,0,0,0,0,315.8,992.0133,62.78,85.2,286.7,276.2,-5.755,-4.908
"2026-03-19 12:30:00",2555,13.46,-7.12,-6.243,75.1,74.75,0,0,0,0,315.8,992.0162,61.1,82.8,286.8,276.1,-5.713,-4.895
"2026-03-19 12:31:00",2556,13.46,-7.016,-5.949,75.29,75.04,0,0,0,0,315.8,992.0261,59.84,80.9,286.9,276.3,-5.659,-4.873
"2026-03-19 12:32:00",2557,13.46,-6.892,-5.688,75.25,74.56,0,0,0,0,315.8,992.0392,59.29,79.97,287.1,277.1,-5.611,-4.85
"2026-03-19 12:33:00",2558,13.46,-6.769,-5.442,75.03,73.35,0,0,0,0,315.8,992.0527,59.25,79.82,287.2,277.6,-5.561,-4.827
"2026-03-19 12:34:00",2559,13.46,-6.647,-5.259,74.83,72.33,0,0,0,0,315.8,992.0691,59.39,80,287.5,278,-5.513,-4.797
"2026-03-19 12:35:00",2560,13.46,-6.535,-5.14,74.63,71.2,0,0,0,0,315.8,992.0799,59.17,79.77,287.6,278.1,-5.484,-4.771
"2026-03-19 12:36:00",2561,13.46,-6.45,-5.045,74.47,70.69,0,0,0,0,315.8,992.0825,58.18,78.46,287.7,278.2,-5.445,-4.748
"2026-03-19 12:37:00",2562,13.46,-6.359,-4.987,74.2,68.56,0,0,0,0,316.5,992.1099,56.91,76.53,287.9,277.9,-5.419,-4.721
"2026-03-19 12:38:00",2563,13.46,-6.337,-5.143,73.87,68.87,0,0,0,0,316.6,992.1511,55.22,74.04,287.8,278.1,-5.407,-4.709
"2026-03-19 12:39:00",2564,13.46,-6.348,-5.374,73.88,70.2,0,0,0,0,316.6,992.1955,53.79,71.79,288,279.8,-5.363,-4.697
"2026-03-19 12:40:00",2565,13.46,-6.305,-5.498,74,71.58,0,0,0,0,316.6,992.249,52.79,70.04,288.3,280.9,-5.312,-4.687
"2026-03-19 12:41:00",2566,13.46,-6.237,-5.548,74.17,72.54,0,0,0,0,316.6,992.2911,51.93,68.63,288.5,281.3,-5.274,-4.674
"2026-03-19 12:42:00",2567,13.45,-6.178,-5.576,74.12,72.46,0,0,0,0,316.6,992.3278,51.32,67.66,288.5,281.2,-5.24,-4.659
"2026-03-19 12:43:00",2568,13.46,-6.157,-5.659,74.18,72.91,0,0,0,0,316.6,992.3436,50.89,67.05,288.6,281.3,-5.222,-4.647
"2026-03-19 12:44:00",2569,13.46,-6.172,-5.743,74.41,73.34,0,0,0,0,316.6,992.3592,50.2,66.21,288.6,281.5,-5.203,-4.637
"2026-03-19 12:45:00",2570,13.46,-6.184,-5.768,74.5,73.28,0,0,0,0,316.6,992.3694,49.41,65.2,288.7,281.7,-5.166,-4.626
"2026-03-19 12:46:00",2571,13.46,-6.173,-5.786,74.31,72.8,0,0,0,0,316.8,992.3998,48.7,64.16,288.7,281.4,-5.16,-4.622
"2026-03-19 12:47:00",2572,13.46,-6.219,-5.909,74.32,73.45,0,0.01,0,0.196,44.61,992.4347,48.07,63.18,288.7,281.1,-5.154,-4.621
"2026-03-19 12:48:00",2573,13.46,-6.293,-6.064,74.61,73.37,0.017,0.671,0.206,0.882,73.57,992.4631,47.9,62.83,288.5,281,-5.179,-4.617
"2026-03-19 12:49:00",2574,13.46,-6.339,-6.184,74.63,73.89,0,0.479,0,0.882,71.07,992.4828,48.08,63.08,288.5,280.8,-5.192,-4.612
"2026-03-19 12:50:00",2575,13.46,-6.355,-6.235,74.93,75.11,0,0.392,0,0.588,65.16,992.5009,48.68,63.9,288.5,280.9,-5.191,-4.603
"2026-03-19 12:51:00",2576,13.46,-6.331,-6.229,75.21,75.21,0,0.002,0,0.098,65.07,992.5062,49.41,65.02,288.6,281,-5.182,-4.6
"2026-03-19 12:52:00",2577,13.46,-6.282,-6.205,75.34,74.85,0,0.129,0,0.392,58.53,992.5197,50,65.89,288.8,280.8,-5.162,-4.598
"2026-03-19 12:53:00",2578,13.46,-6.217,-6.185,75.28,73.9,0,0.347,0,0.588,58.52,992.5215,50.38,66.48,288.9,280.7,-5.132,-4.589
"2026-03-19 12:54:00",2579,13.46,-6.171,-6.146,74.98,73.46,0,0.154,0,0.49,58.46,992.5174,50.62,66.8,289,280.7,-5.094,-4.574
"2026-03-19 12:55:00",2580,13.46,-6.109,-6.074,74.58,73.11,0,0.025,0,0.392,58.46,992.5096,50.67,67.01,289.1,280.8,-5.067,-4.561
"2026-03-19 12:56:00",2581,13.46,-6.036,-5.977,74.14,72.65,0,0,0,0,58.47,992.524,50.67,66.86,289.1,280.8,-5.04,-4.542
"2026-03-19 12:57:00",2582,13.46,-5.953,-5.873,73.88,72.4,0,0,0,0,58.48,992.5406,50.49,66.64,289.3,281.1,-4.996,-4.528
"2026-03-19 12:58:00",2583,13.46,-5.862,-5.763,73.23,72,0,0,0,0,58.48,992.562,50.4,66.44,289.4,281.5,-4.959,-4.515
"2026-03-19 12:59:00",2584,13.46,-5.758,-5.656,72.53,71.54,0,0,0,0,58.46,992.5852,50.41,66.35,289.5,281.7,-4.945,-4.498
"2026-03-19 13:00:00",2585,13.46,-5.648,-5.559,72.09,71.15,0.002,0.187,0.154,1.176,7.318,992.614,50.39,66.22,289.6,281.7,-4.923,-4.486
"2026-03-19 13:01:00",2586,13.46,-5.585,-5.505,72.6,71.03,0.014,1.058,0.257,1.274,11.81,992.6433,50.24,66.13,289.5,281.4,-4.912,-4.483
"2026-03-19 13:02:00",2587,13.46,-5.593,-5.486,72.48,71.47,0.003,0.974,0.051,1.274,38.53,992.6559,50.04,65.85,289.6,281.2,-4.881,-4.475
"2026-03-19 13:03:00",2588,13.46,-5.588,-5.484,71.89,71.08,0.087,0.92,0.515,1.176,39.03,992.6602,49.74,65.4,289.6,281.5,-4.871,-4.479
"2026-03-19 13:04:00",2589,13.46,-5.53,-5.432,71.92,71.26,0,0.22,0,0.98,39.26,992.6631,49.33,64.79,289.8,281.8,-4.836,-4.483
"2026-03-19 13:05:00",2590,13.46,-5.419,-5.341,71.24,70.35,0,0,0,0,39.25,992.6755,49.03,64.29,290,282,-4.785,-4.484
"2026-03-19 13:06:00",2591,13.46,-5.3,-5.24,71.21,69.87,0,0,0,0,39.25,992.6907,48.8,63.9,290.1,282.1,-4.742,-4.471
"2026-03-19 13:07:00",2592,13.46,-5.212,-5.146,71.29,69.67,0,0,0,0,39.23,992.699,48.75,63.87,290.2,282.2,-4.702,-4.449
"2026-03-19 13:08:00",2593,13.46,-5.146,-5.079,71.41,69.86,0,0,0,0,39.23,992.7253,49.09,64.29,290.3,282.2,-4.652,-4.431
"2026-03-19 13:09:00",2594,13.46,-5.09,-5.033,71.4,70.34,0,0,0,0,39.22,992.7241,49.58,65.05,290.4,282.3,-4.606,-4.41
"2026-03-19 13:10:00",2595,13.47,-5.054,-4.998,71.63,70.82,0,0,0,0,38.71,992.7068,50.2,66,290.5,282.5,-4.565,-4.385
"2026-03-19 13:11:00",2596,13.46,-5.061,-4.993,71.52,70.02,0.003,0.1,0.103,0.49,38.42,992.6909,50.86,67.15,290.5,282.4,-4.558,-4.366
"2026-03-19 13:12:00",2597,13.46,-5.131,-5.05,71.3,69.59,0,0.776,0,1.078,27.6,992.6813,51.78,68.62,290.6,282.2,-4.536,-4.349
"2026-03-19 13:13:00",2598,13.46,-5.21,-5.129,71.78,70.06,0.033,1.205,0.515,1.568,35.89,992.6436,52.77,70.35,290.6,281.9,-4.539,-4.336
"2026-03-19 13:14:00",2599,13.46,-5.29,-5.236,71.36,69.33,0.675,1.284,0.978,1.47,37.38,992.6246,53.78,71.91,290.5,281.5,-4.561,-4.336
"2026-03-19 13:15:00",2600,13.46,-5.391,-5.307,70.17,68.34,0.563,1.107,0.927,1.176,44.03,992.6101,54.08,72.5,290.4,281.4,-4.594,-4.335
"2026-03-19 13:16:00",2601,13.46,-5.428,-5.29,70.27,68.79,0.364,1.038,0.515,1.176,48.2,992.5974,53.67,72.11,290.3,281.1,-4.611,-4.347
"2026-03-19 13:17:00",2602,13.46,-5.444,-5.268,71.53,70.42,0.084,0.949,0.412,1.078,57.35,992.595,52.96,71.11,290.3,281,-4.61,-4.357
"2026-03-19 13:18:00",2603,13.46,-5.489,-5.305,71.77,71.67,0,0.722,0,0.882,57.34,992.602,52.11,69.84,290.4,281.2,-4.602,-4.365
"2026-03-19 13:19:00",2604,13.46,-5.552,-5.355,72.36,71.67,0.007,0.748,0.154,0.882,57.12,992.6097,51.38,68.66,290.3,281.4,-4.612,-4.363
"2026-03-19 13:20:00",2605,13.46,-5.591,-5.416,72.66,72.92,0.026,0.977,0.257,1.176,57.04,992.6201,51.01,68.08,290.4,281.7,-4.613,-4.361
"2026-03-19 13:21:00",2606,13.46,-5.609,-5.436,73.38,73.82,0.248,1.167,0.824,1.372,57.32,992.6235,50.97,67.95,290.4,282,-4.628,-4.366
"2026-03-19 13:22:00",2607,13.46,-5.532,-5.38,73.88,73.81,0.613,1.258,0.927,1.372,57.38,992.6309,51.38,68.49,290.6,282.2,-4.626,-4.367
"2026-03-19 13:23:00",2608,13.46,-5.416,-5.299,74.23,74.25,0.414,1.233,0.875,1.372,57.35,992.618,51.81,69.21,290.8,282.3,-4.609,-4.364
"2026-03-19 13:24:00",2609,13.45,-5.298,-5.215,74.66,75.11,0.525,1.285,0.927,1.372,57.35,992.5988,52.55,70.25,291.1,282.5,-4.564,-4.356
"2026-03-19 13:25:00",2610,13.46,-5.19,-5.128,75.02,75.23,0.582,1.349,0.978,1.568,57.35,992.5781,53.15,71.08,291.4,282.5,-4.524,-4.338
"2026-03-19 13:26:00",2611,13.46,-5.092,-5.049,74.63,74.19,0.662,1.473,1.081,1.666,57.36,992.5676,53.41,71.47,291.6,282.5,-4.485,-4.317
"2026-03-19 13:27:00",2612,13.46,-5.011,-4.966,74.06,73.53,0.686,1.363,0.978,1.47,57.25,992.5625,53.13,71.04,291.8,282.6,-4.436,-4.296
"2026-03-19 13:28:00",2613,13.46,-4.926,-4.886,73.67,73.64,0.643,1.331,0.978,1.372,57.12,992.5523,52.34,69.91,291.9,282.6,-4.399,-4.277
"2026-03-19 13:29:00",2614,13.46,-4.863,-4.844,73.29,73.06,0.284,1.128,0.875,1.274,57.12,992.566,51.42,68.52,291.9,282.8,-4.37,-4.26
"2026-03-19 13:30:00",2615,13.46,-4.836,-4.821,73.05,72.91,0.319,1.116,0.463,1.274,57.11,992.587,50.65,67.43,291.9,282.9,-4.349,-4.248
"2026-03-19 13:31:00",2616,13.46,-4.81,-4.792,72.77,72.29,0.115,0.957,0.412,1.176,56.36,992.5925,50.1,66.66,291.9,283.1,-4.331,-4.23
"2026-03-19 13:32:00",2617,13.46,-4.781,-4.763,72.29,69.77,0.347,1.154,0.875,1.666,23.12,992.5974,49.78,66.2,291.9,283.1,-4.296,-4.221
"2026-03-19 13:33:00",2618,13.45,-4.84,-4.812,72.62,69.01,0.598,1.559,1.03,1.764,21.36,992.5999,49.38,65.74,291.7,282.7,-4.295,-4.209
"2026-03-19 13:34:00",2619,13.46,-4.944,-4.842,72.77,68.19,0.348,1.3,0.463,1.372,21.43,992.6061,49.06,65.45,291.7,282.7,-4.28,-4.206
"2026-03-19 13:35:00",2620,13.46,-5.022,-4.79,73.38,69.96,0.806,1.753,1.39,2.254,8.26,992.6035,48.95,65.41,291.7,282.3,-4.266,-4.201
"2026-03-19 13:36:00",2621,13.46,-5.1,-4.858,73.63,72.13,1.372,2.169,1.699,2.45,11.49,992.611,48.96,65.6,291.5,281.4,-4.275,-4.199
"2026-03-19 13:37:00",2622,13.46,-5.233,-5.07,73.05,71.13,1.552,2.5,2.111,3.038,10.8,992.6128,48.82,65.46,291.1,281.4,-4.307,-4.2
"2026-03-19 13:38:00",2623,13.46,-5.389,-5.288,72.57,72.35,2.064,2.69,2.368,3.038,6.282,992.6035,48.78,65.46,290.7,280.7,-4.366,-4.21
"2026-03-19 13:39:00",2624,13.46,-5.579,-5.534,72.59,73.11,1.936,2.555,2.368,2.842,10.59,992.6058,48.46,65.22,290.2,280.9,-4.442,-4.233
"2026-03-19 13:40:00",2625,13.46,-5.729,-5.72,73.68,74.62,0.924,1.909,1.493,2.352,14.84,992.6032,48.42,65.25,290,281.1,-4.507,-4.267
"2026-03-19 13:41:00",2626,13.46,-5.805,-5.777,73.78,73.05,1.244,2.071,1.647,2.352,13.65,992.5998,48.42,65.22,290,281.4,-4.564,-4.3
"2026-03-19 13:42:00",2627,13.46,-5.842,-5.743,74.28,73.78,0.825,1.898,1.287,2.058,14.17,992.606,48.32,65.16,290,281.2,-4.614,-4.333
"2026-03-19 13:43:00",2628,13.46,-5.853,-5.744,74.88,74.72,0.626,1.688,0.978,1.862,16.6,992.6255,48.01,64.77,290.1,280.8,-4.646,-4.355
"2026-03-19 13:44:00",2629,13.46,-5.854,-5.775,75.35,75.35,0.359,1.55,0.566,1.764,15.07,992.6334,47.74,64.38,290.1,280.5,-4.658,-4.373
"2026-03-19 13:45:00",2630,13.46,-5.856,-5.822,75.05,74.67,0.296,1.454,0.515,1.666,14.65,992.644,47.37,63.9,290.2,280.8,-4.663,-4.379
"2026-03-19 13:46:00",2631,13.46,-5.855,-5.858,74.67,74.31,0.306,1.547,0.515,1.862,4.892,992.6559,47.01,63.33,290.1,280.5,-4.663,-4.384
"2026-03-19 13:47:00",2632,13.46,-5.848,-5.884,74.84,75.08,0.019,0.868,0.309,1.372,4.934,992.6785,46.92,63.15,290.1,280.1,-4.652,-4.389
"2026-03-19 13:48:00",2633,13.46,-5.823,-5.888,75.19,75.9,0,0.359,0,0.686,4.934,992.6904,47.2,63.44,290.1,279.7,-4.627,-4.391
"2026-03-19 13:49:00",2634,13.46,-5.798,-5.884,75.38,76.29,0.001,0.505,0.051,0.784,4.904,992.6803,47.89,64.49,290.2,279.6,-4.601,-4.382
"2026-03-19 13:50:00",2635,13.46,-5.79,-5.893,75.21,76.1,0,0.728,0,0.98,4.898,992.6672,48.65,65.63,290.2,279.3,-4.59,-4.376
"2026-03-19 13:51:00",2636,13.46,-5.809,-5.92,74.85,75.78,0,0.61,0,0.882,4.88,992.6675,49.12,66.37,290.1,278.9,-4.594,-4.367
"2026-03-19 13:52:00",2637,13.46,-5.825,-5.946,74.91,75.9,0,0.041,0,0.392,4.667,992.6661,49.11,66.32,290,278.2,-4.614,-4.359
"2026-03-19 13:53:00",2638,13.46,-5.838,-5.966,75.15,76.17,0.002,0.024,0.051,0.588,323.3,992.6672,48.89,66,289.9,277.5,-4.623,-4.353
"2026-03-19 13:54:00",2639,13.46,-5.864,-6.009,75.29,76.37,0.494,1.109,0.927,1.47,290.9,992.6594,48.87,65.95,289.8,276.5,-4.65,-4.35
"2026-03-19 13:55:00",2640,13.46,-5.912,-6.06,75.24,76.16,0.071,0.481,0.36,1.176,294.9,992.6508,48.56,65.51,289.5,276.2,-4.695,-4.358
"2026-03-19 13:56:00",2641,13.46,-5.913,-6.049,75.21,75.87,0.001,0.233,0.051,0.49,315.2,992.6357,48.23,65.16,289.3,275.7,-4.692,-4.37
"2026-03-19 13:57:00",2642,13.46,-5.892,-6.012,75.14,74.98,0,0.242,0,0.686,330,992.6262,47.95,64.82,289.2,274.9,-4.694,-4.376
"2026-03-19 13:58:00",2643,13.45,-5.867,-5.966,74.75,73.97,0,0.487,0,0.686,330.1,992.6188,47.62,64.37,289.2,274.1,-4.685,-4.378
"2026-03-19 13:59:00",2644,13.45,-5.832,-5.891,74.41,73.29,0,0.482,0,0.588,330.1,992.6125,47.26,63.83,289.1,273.3,-4.686,-4.376
"2026-03-19 14:00:00",2645,13.45,-5.793,-5.807,74.28,72.92,0,0.315,0,0.588,329.9,992.5975,46.78,63.12,289,272.7,-4.687,-4.376
"2026-03-19 14:01:00",2646,13.46,-5.759,-5.74,74.1,73.08,0,0.063,0,0.49,329.9,992.5954,46.14,62.2,288.8,272.3,-4.687,-4.375
"2026-03-19 14:02:00",2647,13.45,-5.724,-5.694,74.04,72.73,0,0.665,0,0.784,329.9,992.5936,45.57,61.25,288.7,271.9,-4.69,-4.379
"2026-03-19 14:03:00",2648,13.45,-5.691,-5.625,73.92,70.52,0,0.701,0,0.882,330,992.6022,44.99,60.45,288.6,271.7,-4.701,-4.382
"2026-03-19 14:04:00",2649,13.46,-5.666,-5.493,73.68,70.16,0,0.207,0,0.588,329.9,992.6129,44.76,60.03,288.5,271.4,-4.7,-4.382
"2026-03-19 14:05:00",2650,13.46,-5.647,-5.417,73.64,70.94,0,0.021,0,0.392,315.8,992.6307,44.94,60.37,288.4,271.1,-4.691,-4.387
"2026-03-19 14:06:00",2651,13.46,-5.64,-5.442,73.78,70.6,0,0.048,0,0.392,315.8,992.6534,45.41,61.09,288.3,270.9,-4.703,-4.395
"2026-03-19 14:07:00",2652,13.46,-5.637,-5.448,73.41,70,0,0,0,0,315.8,992.649,45.85,61.81,288.2,270.6,-4.719,-4.4
"2026-03-19 14:08:00",2653,13.46,-5.619,-5.431,73.37,69.34,0,0.001,0,0.098,315.8,992.649,45.93,62.04,288.1,270,-4.724,-4.405
"2026-03-19 14:09:00",2654,13.46,-5.607,-5.424,73.36,70.36,0,0.056,0,0.294,315.8,992.6501,45.83,61.9,288,269.1,-4.716,-4.406
"2026-03-19 14:10:00",2655,13.46,-5.605,-5.44,73.37,70.4,0,0.025,0,0.294,315.8,992.649,45.39,61.24,287.8,268.3,-4.718,-4.408
"2026-03-19 14:11:00",2656,13.46,-5.591,-5.448,73.5,71.36,0,0,0,0,315.8,992.6328,44.97,60.6,287.6,267.6,-4.705,-4.412
"2026-03-19 14:12:00",2657,13.46,-5.576,-5.455,73.81,72.12,0,0,0,0,315.8,992.6346,44.67,60.1,287.2,267,-4.694,-4.414
"2026-03-19 14:13:00",2658,13.46,-5.594,-5.497,74.2,73.12,0,0,0,0,315.8,992.6345,44.6,59.85,287.1,266.7,-4.691,-4.415
"2026-03-19 14:14:00",2659,13.46,-5.666,-5.576,74.67,73.79,0,0,0,0,315.8,992.6307,44.48,59.61,287.1,266.6,-4.7,-4.411
"2026-03-19 14:15:00",2660,13.46,-5.733,-5.625,74.93,73.98,0.003,0,0.051,0,315.8,992.6323,44.35,59.42,287.1,266.7,-4.716,-4.412
"2026-03-19 14:16:00",2661,13.46,-5.741,-5.641,74.99,74.03,0,0,0,0,315.8,992.6287,44.14,59.15,286.8,267,-4.717,-4.413
"2026-03-19 14:17:00",2662,13.46,-5.727,-5.616,74.99,73.83,0,0,0,0,315.8,992.6238,43.92,58.81,286.8,267.4,-4.718,-4.411
"2026-03-19 14:18:00",2663,13.45,-5.714,-5.584,74.78,73.56,0,0,0,0,315.8,992.6356,43.55,58.27,286.8,268,-4.72,-4.409
"2026-03-19 14:19:00",2664,13.46,-5.687,-5.542,74.6,73.28,0,0,0,0,315.8,992.6379,43.25,57.86,286.8,268.4,-4.7,-4.409
"2026-03-19 14:20:00",2665,13.46,-5.651,-5.488,74.62,73.05,0,0,0,0,315.8,992.6479,43.08,57.7,286.9,268.9,-4.705,-4.406
"2026-03-19 14:21:00",2666,13.46,-5.634,-5.437,74.69,72.89,0,0,0,0,315.8,992.6633,43.36,58.09,287,269.5,-4.703,-4.398
"2026-03-19 14:22:00",2667,13.46,-5.616,-5.384,74.68,72.2,0,0,0,0,316.1,992.6713,43.78,58.7,287.2,269.9,-4.7,-4.389
"2026-03-19 14:23:00",2668,13.45,-5.582,-5.369,74.82,73.12,0.003,0,0.103,0,1.224,992.6677,44.47,59.73,287.5,269.7,-4.742,-4.382
"2026-03-19 14:24:00",2669,13.46,-5.603,-5.422,74.97,73.27,0.001,0.247,0.051,1.176,36.2,992.6603,45.33,60.93,287.6,269.5,-4.778,-4.377
"2026-03-19 14:25:00",2670,13.46,-5.643,-5.494,74.81,74,0,1.144,0,1.568,36.27,992.6572,46.62,62.59,287.6,269.2,-4.803,-4.38
"2026-03-19 14:26:00",2671,13.46,-5.642,-5.533,74.28,72.99,0.229,1.256,0.566,1.47,38.78,992.6281,48.61,65.19,287.6,268.6,-4.828,-4.379
"2026-03-19 14:27:00",2672,13.46,-5.604,-5.533,74.02,72.46,0.328,1.286,0.515,1.568,38.78,992.6099,51.4,68.7,287.7,268,-4.826,-4.384
"2026-03-19 14:28:00",2673,13.46,-5.571,-5.532,73.68,73.07,0.044,0.796,0.309,0.98,38.83,992.584,56.58,75.3,287.8,267,-4.81,-4.386
"2026-03-19 14:29:00",2674,13.46,-5.525,-5.526,73.31,72.15,0.15,1.135,0.412,1.372,39.14,992.5666,70.45,93.1,287.8,265.9,-4.768,-4.366
"2026-03-19 14:30:00",2675,13.46,-5.479,-5.494,72.81,71.99,0.304,1.239,0.515,1.372,51.85,992.5413,77.02,102.4,288,264.8,-4.707,-4.337
"2026-03-19 14:31:00",2676,13.46,-5.414,-5.414,72.41,71.34,0.32,1.296,0.515,1.47,49.55,992.5309,80.9,107.9,288.1,263.2,-4.642,-4.31
"2026-03-19 14:32:00",2677,13.46,-5.34,-5.339,72.08,70.89,0.256,1.158,0.412,1.372,49.71,992.5234,82.7,110.7,288,261,-4.564,-4.284
"2026-03-19 14:33:00",2678,13.46,-5.277,-5.25,72.01,71.31,0.154,1.071,0.36,1.274,44.84,992.5215,82.7,110.7,287.8,257.8,-4.488,-4.26
"2026-03-19 14:34:00",2679,13.46,-5.222,-5.217,72.35,72.87,0.368,1.434,0.824,1.666,43.13,992.5199,80.8,108,287.3,253.1,-4.434,-4.242
"2026-03-19 14:35:00",2680,13.46,-5.236,-5.27,73.03,73.98,0.721,1.631,1.287,1.764,51.38,992.5428,76.61,101.8,286.6,247.4,-4.411,-4.243
"2026-03-19 14:36:00",2681,13.46,-5.279,-5.305,73.41,73.13,0.522,1.29,0.978,1.666,54.95,992.5435,71.07,94.3,285.9,241.2,-4.391,-4.259
"2026-03-19 14:37:00",2682,13.46,-5.298,-5.329,73.25,72.04,0.1,0.989,0.36,1.176,54.97,992.5486,47.59,62.62,284.8,235.6,-4.405,-4.303
"2026-03-19 14:38:00",2683,13.46,-5.316,-5.357,72.49,71.72,0.02,0.656,0.206,0.882,54.98,992.5357,42.84,54.69,283.2,230.6,-4.442,-4.354
"2026-03-19 14:39:00",2684,13.46,-5.317,-5.363,72.04,71.87,0,0.641,0,0.882,54.93,992.5128,40.73,50.76,281.4,226.7,-4.489,-4.408
"2026-03-19 14:40:00",2685,13.46,-5.311,-5.362,71.93,72.46,0,0.712,0,0.98,55.08,992.4835,55.52,67.58,279.9,223.5,-4.535,-4.453
"2026-03-19 14:41:00",2686,13.46,-5.27,-5.327,72.27,73.43,0,0.939,0,1.176,55.13,992.4574,66.11,82.1,279.2,221,-4.53,-4.482
"2026-03-19 14:42:00",2687,13.46,-5.235,-5.283,72.67,74.12,0.25,1.32,0.618,1.568,59.63,992.4182,62.26,77.25,278.9,219.3,-4.541,-4.515
"2026-03-19 14:43:00",2688,13.46,-5.218,-5.236,73.1,74.11,0.889,1.568,1.081,1.96,60.12,992.3924,58.74,72.57,278.4,217.8,-4.579,-4.551
"2026-03-19 14:44:00",2689,13.46,-5.199,-5.182,72.89,73.09,1.313,1.875,1.493,1.96,58.66,992.3743,56.82,69.87,278.7,216.8,-4.614,-4.592
"2026-03-19 14:45:00",2690,13.46,-5.147,-5.125,72.11,71.62,1.481,1.906,1.647,1.96,52.88,992.3475,58.34,71.43,278.9,215.8,-4.639,-4.634
"2026-03-19 14:46:00",2691,13.46,-5.074,-5.075,71.36,71.23,1.422,1.875,1.75,2.156,50.29,992.3463,60.99,74.53,278.4,214.9,-4.681,-4.675
"2026-03-19 14:47:00",2692,13.46,-5.026,-5.037,70.74,71.43,1.246,1.888,1.544,2.058,50.11,992.3471,58.47,71.87,278,214.2,-4.709,-4.713
"2026-03-19 14:48:00",2693,13.46,-5.062,-5.039,70.88,71.94,0.741,1.818,1.39,1.96,49.75,992.3427,43.94,53.7,277.1,213.7,-4.779,-4.771
"2026-03-19 14:49:00",2694,13.46,-5.223,-5.108,72.09,72.44,1.251,1.797,1.441,1.96,49.6,992.3471,31.16,36.67,275.7,213.3,-4.911,-4.846
"2026-03-19 14:50:00",2695,13.46,-5.35,-5.175,72.44,69.96,1.189,1.697,1.441,1.862,42.6,992.3602,29.14,33.58,274.8,212.9,-5.048,-4.93
"2026-03-19 14:51:00",2696,13.47,-5.391,-5.223,71.49,69.8,1.139,1.519,1.287,1.666,38.29,992.3715,28.51,32.61,274,212.4,-5.173,-5.017
"2026-03-19 14:52:00",2697,13.47,-5.408,-5.257,71.03,70.24,0.717,1.358,1.236,1.568,38.34,992.3812,28.04,31.94,273.2,212.1,-5.303,-5.095
"2026-03-19 14:53:00",2698,13.46,-5.473,-5.306,71.47,70.81,0.023,1.186,0.309,1.274,38.38,992.3992,27.64,31.35,271.7,211.8,-5.44,-5.176
"2026-03-19 14:54:00",2699,13.46,-5.596,-5.365,71.93,71.52,0,1.06,0,1.176,38.35,992.4156,27.37,31.03,270.4,211.6,-5.59,-5.256
"2026-03-19 14:55:00",2700,13.46,-5.689,-5.422,72.59,71.34,0,0.955,0,1.372,37.98,992.4357,26.6,30.08,269.7,211.4,-5.709,-5.339
"2026-03-19 14:56:00",2701,13.46,-5.765,-5.458,72.37,70.31,0,1.075,0,1.274,36.92,992.4701,26.01,29.31,269,211.1,-5.808,-5.413
"2026-03-19 14:57:00",2702,13.46,-5.835,-5.472,72.12,70.1,0.001,1.109,0.051,1.274,26.38,992.4934,25.14,28.25,268.5,210.8,-5.909,-5.49
"2026-03-19 14:58:00",2703,13.46,-5.891,-5.524,71.8,70.45,0,1.12,0,1.372,11.93,992.5168,24.58,27.57,268,210.7,-6.015,-5.563
"2026-03-19 14:59:00",2704,13.46,-5.934,-5.599,71.93,71.04,0,1.308,0,1.568,5.762,992.549,24.47,27.47,267.6,210.6,-6.134,-5.63
"2026-03-19 15:00:00",2705,13.46,-5.957,-5.681,71.79,71.7,0,1.578,0,1.764,1.846,992.5536,24.18,27.1,267.2,210.5,-6.232,-5.704
"2026-03-19 15:01:00",2706,13.45,-6.014,-5.756,71.83,72.03,0,1.501,0,1.666,1.852,992.5717,24.08,26.89,266.5,210.3,-6.339,-5.78
"2026-03-19 15:02:00",2707,13.46,-6.104,-5.839,71.75,72.4,0,1.348,0,1.47,1.786,992.5804,23.87,26.46,265.3,210.1,-6.471,-5.862
"2026-03-19 15:03:00",2708,13.45,-6.24,-5.923,71.72,73.01,0,1.553,0,1.862,350.5,992.5865,23,25.58,264.6,210.1,-6.626,-5.941
"2026-03-19 15:04:00",2709,13.45,-6.415,-5.98,72.18,73.17,0,1.502,0,1.764,349.2,992.5918,22.68,25.24,264.4,210.2,-6.77,-6.029
"2026-03-19 15:05:00",2710,13.46,-6.575,-6.054,72.62,73.29,0,1.484,0,1.764,334.2,992.5943,22.26,24.87,264.4,210.1,-6.922,-6.121
"2026-03-19 15:06:00",2711,13.45,-6.733,-6.18,73.2,73.98,0,1.589,0,1.862,331.6,992.614,21.8,24.4,264.8,210,-7.096,-6.214
"2026-03-19 15:07:00",2712,13.46,-6.879,-6.329,72.86,73.64,0.813,1.78,1.75,2.254,308.2,992.6147,21.45,23.98,264.8,209.7,-7.275,-6.305
"2026-03-19 15:08:00",2713,13.45,-7.083,-6.502,74.56,75.44,0.746,1.661,1.03,1.862,322.9,992.6199,20.7,23.07,265.1,210,-7.449,-6.397
"2026-03-19 15:09:00",2714,13.45,-7.092,-6.502,75.37,75.33,0.538,1.639,0.772,1.862,326.2,992.6177,20.53,22.76,264.9,210.2,-7.533,-6.485
"2026-03-19 15:10:00",2715,13.45,-7.024,-6.467,75.48,74.76,0.503,1.486,0.721,1.666,320.2,992.6228,20.65,22.82,264.4,210.3,-7.628,-6.554
"2026-03-19 15:11:00",2716,13.46,-7.01,-6.55,75,74.73,1.198,1.622,1.596,1.764,296.6,992.6395,20.71,22.85,264.2,209.7,-7.772,-6.619
"2026-03-19 15:12:00",2717,13.45,-7.074,-6.688,75.45,75.81,0.875,1.479,1.03,1.666,297.3,992.6467,20.21,22.38,264.5,210.1,-7.933,-6.689
"2026-03-19 15:13:00",2718,13.45,-7.096,-6.726,75.35,75.36,1.566,2.011,3.295,3.92,273.4,992.6701,20,22.32,264.5,209.9,-8.07,-6.775
"2026-03-19 15:14:00",2719,13.45,-7.394,-7.019,72.09,76.12,2.941,3.659,3.295,4.116,281,992.681,20.18,22.65,265.6,208,-8.27,-6.883
"2026-03-19 15:15:00",2720,13.45,-7.741,-7.082,76.73,78.82,1.884,2.425,2.574,2.744,290.5,992.6855,19.35,21.64,266,209.6,-8.45,-7.018
"2026-03-19 15:16:00",2721,13.45,-7.527,-6.769,76.69,75.27,2.033,2.681,2.934,3.92,264.5,992.6998,19.52,21.66,265.8,209.4,-8.52,-7.124
"2026-03-19 15:17:00",2722,13.45,-7.789,-6.992,74.83,76.26,2.704,3.22,3.037,4.018,268.3,992.7078,19.66,21.93,265.9,208.4,-8.69,-7.216
"2026-03-19 15:18:00",2723,13.45,-8.07,-7.131,75.88,77.71,2.73,3.211,2.934,3.43,266,992.7286,19.22,21.35,265.9,208.4,-8.83,-7.315
"2026-03-19 15:19:00",2724,13.45,-8.2,-7.189,77.85,78.55,2.594,2.745,2.831,3.332,263.2,992.7368,19.02,21.07,265.8,208.8,-8.94,-7.4
"2026-03-19 15:20:00",2725,13.46,-8.12,-7.175,77.82,78.84,2.231,2.771,2.523,2.94,261.4,992.7441,19.2,21.32,265.5,208.8,-9.02,-7.474
"2026-03-19 15:21:00",2726,13.46,-8.21,-7.143,77.49,79.02,1.721,2.486,2.059,2.646,261.5,992.7585,19.26,21.35,264.9,209,-9.1,-7.529
"2026-03-19 15:22:00",2727,13.46,-8.3,-7.08,78.02,79.22,1.47,2.46,1.647,2.548,261.6,992.7478,19.24,21.25,264.2,209.2,-9.18,-7.565
"2026-03-19 15:23:00",2728,13.45,-8.29,-7.008,78.22,79.15,1.275,2.414,1.493,2.45,261.9,992.7422,19.24,21.24,263.7,209.3,-9.25,-7.592
"2026-03-19 15:24:00",2729,13.45,-8.36,-6.963,77.13,77.93,1.019,2.394,1.39,2.548,278.4,992.7501,19.33,21.39,263.3,209.1,-9.32,-7.613
"2026-03-19 15:25:00",2730,13.45,-8.62,-7.128,76.39,78.92,1.231,2.535,1.544,2.744,271.6,992.7556,19.43,21.53,263,208.9,-9.43,-7.632
"2026-03-19 15:26:00",2731,13.45,-8.81,-7.057,77.47,79.69,1.246,2.343,1.493,2.548,271.6,992.7571,19.28,21.55,262.6,209.5,-9.53,-7.658
"2026-03-19 15:27:00",2732,13.45,-8.93,-7.026,77.27,77.41,0.941,2.419,1.184,2.646,271,992.7609,19.73,22.18,262.4,209.4,-9.63,-7.681
"2026-03-19 15:28:00",2733,13.45,-9.08,-7.119,78.33,80.6,1.391,2.466,1.544,2.548,268.7,992.7475,20.15,22.92,262.2,209.9,-9.71,-7.709
"2026-03-19 15:29:00",2734,13.46,-9.07,-7.025,78.84,80.9,1.094,2.317,1.493,2.45,268.7,992.7425,20.09,23.11,261.9,210.2,-9.8,-7.744
"2026-03-19 15:30:00",2735,13.45,-9.14,-7.037,78.55,79.18,0.604,2.082,0.824,2.254,267.5,992.7407,19.7,22.59,261.3,210.4,-9.88,-7.778
"2026-03-19 15:31:00",2736,13.45,-9.29,-7.254,78.34,79.4,0.423,1.925,0.566,2.058,266.4,992.7348,19.25,21.93,260.5,210.6,-9.96,-7.809
"2026-03-19 15:32:00",2737,13.45,-9.42,-7.44,78.64,79.89,0.433,1.846,0.566,1.96,267.4,992.7148,18.8,21.4,259.9,210.7,-10.04,-7.828
"2026-03-19 15:33:00",2738,13.45,-9.48,-7.481,78.98,82,0.398,1.827,0.515,1.862,267.4,992.712,18.4,20.84,259.4,211,-10.1,-7.84
"2026-03-19 15:34:00",2739,13.45,-9.54,-7.349,79.21,83.3,0.474,1.787,0.566,1.862,267.5,992.7017,18.1,20.47,259,211.2,-10.17,-7.854
"2026-03-19 15:35:00",2740,13.45,-9.56,-7.341,79.66,82.4,0.428,1.672,0.566,1.764,277.7,992.6916,17.8,20.12,258.8,211.6,-10.23,-7.88
"2026-03-19 15:36:00",2741,13.45,-9.54,-7.417,80.1,82.4,0.5,1.872,0.618,2.058,283.9,992.6772,17.55,19.85,258.5,212.4,-10.3,-7.897
"2026-03-19 15:37:00",2742,13.46,-9.51,-7.423,80.5,83.1,0.573,1.945,0.669,2.058,285.4,992.6647,17.27,19.6,258.4,213.7,-10.36,-7.914
"2026-03-19 15:38:00",2743,13.45,-9.45,-7.414,80.7,82.7,0.402,1.83,0.566,1.96,284.9,992.6731,17.11,19.44,258.3,215.3,-10.41,-7.927
"2026-03-19 15:39:00",2744,13.45,-9.49,-7.372,80.7,83.8,0.438,1.719,0.566,1.862,283.1,992.6826,16.94,19.27,258.3,217.6,-10.47,-7.937
"2026-03-19 15:40:00",2745,13.45,-9.43,-7.163,81.2,84.2,0.599,1.695,0.772,1.862,282.7,992.6977,17.09,19.72,258.6,220.1,-10.5,-7.946
"2026-03-19 15:41:00",2746,13.45,-9.2,-6.97,82.1,84.1,0.761,1.661,0.875,1.764,281.4,992.7111,17.43,20.46,259.1,222.5,-10.53,-7.947
"2026-03-19 15:42:00",2747,13.45,-8.89,-6.799,82.7,83.6,0.813,1.718,0.927,1.862,281.4,992.7183,17.93,21.37,259.7,224.3,-10.54,-7.945
"2026-03-19 15:43:00",2748,13.46,-8.7,-6.667,83.1,83,0.749,1.648,0.927,1.764,281.4,992.7124,18.4,22.24,260.3,225.6,-10.55,-7.941
"2026-03-19 15:44:00",2749,13.45,-8.44,-6.538,83.8,82.3,0.946,1.526,1.236,1.666,281.6,992.7109,18.38,22.38,260.7,226.3,-10.57,-7.932
"2026-03-19 15:45:00",2750,13.46,-7.995,-6.451,84.3,82.1,0.914,1.618,1.287,1.764,285.8,992.7046,18.05,21.93,261.1,226.2,-10.56,-7.915
"2026-03-19 15:46:00",2751,13.46,-7.827,-6.408,84.5,81.8,0.944,1.685,1.184,1.862,285.7,992.7119,17.41,21.09,261.4,225.9,-10.55,-7.903
"2026-03-19 15:47:00",2752,13.45,-7.604,-6.365,84.7,81.4,0.865,1.555,1.03,1.666,285.9,992.7037,16.92,20.23,261.8,226.1,-10.53,-7.895
"2026-03-19 15:48:00",2753,13.46,-7.346,-6.261,84.9,81.3,0.82,1.499,1.287,1.568,286.4,992.7061,16.43,19.44,262.6,227,-10.49,-7.887
"2026-03-19 15:49:00",2754,13.46,-7.046,-6.142,85,80.9,0.994,1.563,1.39,1.666,286.8,992.7171,16.3,19.12,263.1,228.6,-10.47,-7.865
"2026-03-19 15:50:00",2755,13.47,-6.854,-6.081,84.6,80.9,0.772,1.879,1.081,2.156,278.9,992.7374,15.98,18.68,263.1,230.8,-10.46,-7.834
"2026-03-19 15:51:00",2756,13.46,-7.025,-6.057,83.4,80.5,0.409,2.079,0.669,2.156,271.2,992.763,15.77,18.55,263.1,233.7,-10.46,-7.799
"2026-03-19 15:52:00",2757,13.45,-7.471,-6.256,80.5,78.17,0.042,1.808,0.309,2.156,271.2,992.7791,15.75,18.64,263.4,237.5,-10.47,-7.765
"2026-03-19 15:53:00",2758,13.45,-7.97,-6.823,78.01,72.66,0.589,1.114,1.956,2.744,0.391,992.8131,15.42,18.4,264.8,240.9,-10.49,-7.725
"2026-03-19 15:54:00",2759,13.45,-8.49,-7.464,77.15,76.25,0.234,1.227,1.338,1.96,26.13,992.8365,15.14,18.27,266.9,243.9,-10.47,-7.693
"2026-03-19 15:55:00",2760,13.45,-8.79,-7.837,79.27,80.1,0.61,1.738,1.03,2.548,347.9,992.8361,14.99,18.12,268.6,248.5,-10.39,-7.668
"2026-03-19 15:56:00",2761,13.45,-8.7,-7.807,81.3,81.9,0.098,1.168,1.133,1.96,317.2,992.8205,15,18.14,270,252.3,-10.25,-7.638
"2026-03-19 15:57:00",2762,13.46,-8.43,-7.688,82,81.1,0,1.237,0,1.862,323.4,992.8131,15.39,18.52,271.1,254.8,-10.07,-7.589
"2026-03-19 15:58:00",2763,13.45,-8.29,-7.655,81.6,80.8,0.004,1.526,0.051,2.058,0.065,992.8021,15.48,18.4,272.1,256.6,-9.97,-7.52
"2026-03-19 15:59:00",2764,13.45,-8.23,-7.62,81.5,81,0,1.173,0,1.372,14.7,992.8,14.89,17.73,272.8,258.8,-9.9,-7.451
"2026-03-19 16:00:00",2765,13.45,-8.19,-7.589,81,81,0,1.256,0,1.47,14.84,992.7983,14.73,17.53,273.3,260.9,-9.84,-7.388
"2026-03-19 16:01:00",2766,13.46,-8.21,-7.548,81.1,82,0.001,1.154,0.051,1.372,30.31,992.7864,14.45,17.15,273.7,263.1,-9.79,-7.33
"2026-03-19 16:02:00",2767,13.46,-8.12,-7.413,81.6,81.6,0,0.945,0,1.274,30.32,992.7695,14.31,17.1,274.2,264.8,-9.73,-7.274
"2026-03-19 16:03:00",2768,13.46,-7.982,-7.294,81.8,81.1,0,1.114,0,1.47,37.2,992.7824,13.91,16.79,274.5,266,-9.69,-7.223
"2026-03-19 16:04:00",2769,13.46,-7.904,-7.185,81.2,80.6,0,1.244,0,1.666,44.16,992.7833,13.78,16.75,275.1,267.2,-9.63,-7.167
"2026-03-19 16:05:00",2770,13.45,-7.912,-7.065,81.2,79.5,0,1.382,0,1.666,44.29,992.7749,13.57,16.57,275.8,268.6,-9.54,-7.108
"2026-03-19 16:06:00",2771,13.46,-7.746,-6.943,81.9,78.37,0.062,1.378,0.412,1.666,47.9,992.7734,13.48,16.49,276.6,269.6,-9.38,-7.051
"2026-03-19 16:07:00",2772,13.45,-7.486,-6.875,81.6,77.32,0.556,1.507,0.978,1.764,51.28,992.7748,13.72,16.7,277.7,270.7,-9.18,-6.99
"2026-03-19 16:08:00",2773,13.46,-7.3,-6.855,80.7,76.44,0.651,1.722,1.03,1.96,51.44,992.774,13.99,16.82,278.5,271.6,-9.02,-6.928
"2026-03-19 16:09:00",2774,13.45,-7.183,-6.85,79.7,76.22,0.737,1.776,1.133,2.058,52.35,992.7574,13.56,16.24,279,272.2,-8.89,-6.862
"2026-03-19 16:10:00",2775,13.45,-7.102,-6.847,78.75,76.01,0.86,1.944,1.184,2.254,52.5,992.7524,12.83,15.31,279.7,272.7,-8.72,-6.799
"2026-03-19 16:11:00",2776,13.46,-7.028,-6.844,78.08,75.86,1.042,1.906,1.647,2.156,50.8,992.7375,12.65,14.87,280.3,273.2,-8.55,-6.732
"2026-03-19 16:12:00",2777,13.45,-6.977,-6.864,77.51,75.89,0.734,1.924,1.03,2.156,47.02,992.7379,12.32,14.51,280.6,273.7,-8.43,-6.666
"2026-03-19 16:13:00",2778,13.46,-6.968,-6.891,77.05,75.49,0.85,2.004,1.493,2.254,42.61,992.7291,11.77,13.8,280.8,274,-8.32,-6.608
"2026-03-19 16:14:00",2779,13.46,-6.989,-6.93,76.57,75.04,1.194,2.036,1.699,2.352,38.46,992.7276,11.38,13.31,281.1,274.1,-8.22,-6.554
"2026-03-19 16:15:00",2780,13.45,-7.068,-7.035,76,74.99,1.549,2.242,1.802,2.548,35.2,992.7257,11.11,12.92,281.1,274.2,-8.15,-6.507
"2026-03-19 16:16:00",2781,13.45,-7.193,-7.172,75.94,75.69,1.641,2.44,1.956,2.646,32.94,992.7037,10.65,12.39,281,274.2,-8.11,-6.468
"2026-03-19 16:17:00",2782,13.45,-7.312,-7.28,76.31,76.17,1.653,2.478,1.956,2.744,31.17,992.6852,10.17,11.9,281,274.2,-8.08,-6.44
"2026-03-19 16:18:00",2783,13.45,-7.41,-7.362,76.73,76.71,1.635,2.585,1.956,2.842,28.93,992.6625,9.84,11.51,281.1,274.4,-8.05,-6.417
"2026-03-19 16:19:00",2784,13.46,-7.475,-7.386,77.17,76.98,1.693,2.656,2.008,3.038,29.33,992.6384,9.58,11.23,281.2,274.8,-8.01,-6.4
"2026-03-19 16:20:00",2785,13.45,-7.496,-7.381,77.52,77.12,1.769,2.735,2.008,2.94,29.57,992.6146,9.37,11.05,281.4,275.3,-7.983,-6.377
"2026-03-19 16:21:00",2786,13.45,-7.49,-7.351,77.79,77.19,1.795,2.733,2.008,2.94,31.7,992.5964,9.21,10.92,281.6,275.8,-7.935,-6.354
"2026-03-19 16:22:00",2787,13.45,-7.464,-7.3,77.98,77.29,1.505,2.475,1.75,2.744,32.48,992.5953,9.11,10.84,281.7,276.1,-7.893,-6.335
"2026-03-19 16:23:00",2788,13.45,-7.436,-7.267,78.12,77.42,1.506,2.408,1.853,2.842,28.52,992.5803,8.91,10.62,281.9,276.4,-7.854,-6.31
"2026-03-19 16:24:00",2789,13.45,-7.393,-7.219,78.2,77.12,1.601,2.524,1.853,2.744,27.17,992.5641,8.75,10.4,282.2,276.7,-7.799,-6.287
"2026-03-19 16:25:00",2790,13.46,-7.329,-7.173,78.09,77.03,1.444,2.389,1.699,2.646,27.52,992.5483,8.88,10.53,282.3,276.8,-7.744,-6.263
"2026-03-19 16:26:00",2791,13.45,-7.285,-7.136,77.97,76.98,1.445,2.446,1.75,2.744,26.35,992.5334,8.76,10.43,282.5,276.8,-7.703,-6.235
"2026-03-19 16:27:00",2792,13.46,-7.243,-7.094,77.86,76.54,1.62,2.636,1.905,2.94,26.62,992.5095,8.64,10.35,282.6,276.6,-7.653,-6.208
"2026-03-19 16:28:00",2793,13.46,-7.195,-7.035,77.7,76.37,1.643,2.667,2.008,2.842,26.97,992.4958,8.62,10.33,282.7,276,-7.602,-6.176
"2026-03-19 16:29:00",2794,13.46,-7.146,-6.97,77.61,76.22,1.759,2.756,2.111,2.94,30.09,992.4692,8.56,10.21,282.8,275,-7.558,-6.152
"2026-03-19 16:30:00",2795,13.45,-7.089,-6.919,77.48,76.05,1.872,2.842,2.265,3.234,26.24,992.4512,8.45,10.05,282.8,273.8,-7.508,-6.13
"2026-03-19 16:31:00",2796,13.46,-7.053,-6.88,77.21,75.51,1.982,2.951,2.214,3.136,28.54,992.4294,8.33,9.9,282.8,272.5,-7.455,-6.105
"2026-03-19 16:32:00",2797,13.46,-7.03,-6.859,77.01,75.3,2.104,3.119,2.42,3.332,28.96,992.4125,8.28,9.83,282.7,270.7,-7.427,-6.087
"2026-03-19 16:33:00",2798,13.46,-7.017,-6.839,76.91,75.55,2.18,3.092,2.471,3.332,27.31,992.3887,8.05,9.49,282.5,268.8,-7.394,-6.071
"2026-03-19 16:34:00",2799,13.45,-7.001,-6.842,76.94,75.77,2.053,3.036,2.265,3.332,29.38,992.3929,8,9.26,282.4,267,-7.371,-6.06
"2026-03-19 16:35:00",2800,13.46,-7.001,-6.869,76.9,75.99,2.141,3.157,2.471,3.332,26.93,992.385,7.847,9.07,282.3,266,-7.348,-6.047
"2026-03-19 16:36:00",2801,13.45,-7.02,-6.91,76.81,75.88,2.343,3.286,2.677,3.724,34.02,992.3958,7.755,8.9,282.2,265.9,-7.326,-6.04
"2026-03-19 16:37:00",2802,13.45,-7.066,-6.99,76.56,76.05,2.298,3.196,2.625,3.528,37.61,992.4148,7.755,8.9,282.2,266.8,-7.317,-6.034
"2026-03-19 16:38:00",2803,13.45,-7.131,-7.073,76.55,76.01,2.274,3.204,2.625,3.626,40.9,992.4423,7.617,8.76,282,267.5,-7.329,-6.032
"2026-03-19 16:39:00",2804,13.45,-7.176,-7.133,76.73,76.51,2.025,2.841,2.471,3.234,34.94,992.4587,7.482,8.69,282,268,-7.328,-6.031
"2026-03-19 16:40:00",2805,13.46,-7.199,-7.151,76.92,76.58,1.893,2.783,2.265,3.234,28.47,992.4633,7.511,8.73,281.9,267.1,-7.331,-6.032
"2026-03-19 16:41:00",2806,13.45,-7.212,-7.177,76.78,76.15,2.082,3.005,2.471,3.528,27.24,992.4523,7.502,8.77,281.7,264.7,-7.332,-6.028
"2026-03-19 16:42:00",2807,13.46,-7.256,-7.248,76.2,75.5,2.612,3.361,3.192,4.018,28.97,992.4384,7.473,8.62,281.4,260.4,-7.349,-6.032
"2026-03-19 16:43:00",2808,13.46,-7.402,-7.44,74.75,74.18,3.155,4.041,3.501,4.312,29.17,992.4166,7.397,8.4,280.5,254.6,-7.418,-6.039
"2026-03-19 16:44:00",2809,13.46,-7.695,-7.761,74.69,75.46,2.738,3.716,3.295,4.214,26.69,992.3999,6.652,7.419,279.2,249.1,-7.55,-6.067
"2026-03-19 16:45:00",2810,13.45,-7.95,-8.02,75.45,76.46,2.735,3.677,3.192,4.116,28.88,992.4071,6.019,6.517,278.4,245.8,-7.678,-6.123
"2026-03-19 16:46:00",2811,13.45,-8.14,-8.21,76,77.04,2.697,3.695,3.089,4.018,26.24,992.4279,5.745,6.042,277.8,245.1,-7.791,-6.187
"2026-03-19 16:47:00",2812,13.45,-8.28,-8.33,76.36,77.29,2.244,3.49,2.883,3.92,21.8,992.458,5.563,5.764,277.4,246.3,-7.897,-6.252
"2026-03-19 16:48:00",2813,13.45,-8.38,-8.39,76.64,77.11,2.387,3.478,2.883,4.018,19.03,992.4903,5.472,5.669,277.2,248.2,-7.983,-6.306
"2026-03-19 16:49:00",2814,13.45,-8.45,-8.43,76.89,77.71,1.814,3.124,2.728,3.724,18.44,992.5022,5.462,5.663,277,249.2,-8.05,-6.353
"2026-03-19 16:50:00",2815,13.45,-8.5,-8.45,77.11,77.28,2.229,3.163,2.728,3.724,21.32,992.5203,5.448,5.629,277,249.3,-8.13,-6.403
"2026-03-19 16:51:00",2816,13.45,-8.53,-8.48,77.2,78.02,1.708,2.928,2.317,3.234,23.89,992.5034,5.444,5.597,276.7,248.1,-8.19,-6.439
"2026-03-19 16:52:00",2817,13.45,-8.56,-8.45,77.6,78.13,1.957,3.084,2.162,3.43,24.14,992.4988,5.204,5.368,276.4,246.1,-8.25,-6.478
"2026-03-19 16:53:00",2818,13.45,-8.55,-8.35,77.84,78.12,1.928,3.048,2.162,3.332,21.59,992.4851,5.17,5.189,276,242.9,-8.29,-6.509
"2026-03-19 16:54:00",2819,13.45,-8.51,-8.26,77.86,77.51,1.604,2.744,2.059,3.038,21.14,992.4719,5.175,5.147,275.6,239.8,-8.33,-6.54
"2026-03-19 16:55:00",2820,13.45,-8.49,-8.24,77.96,77.86,1.136,2.796,1.441,3.038,19.34,992.4654,5.142,4.836,275.1,237.5,-8.37,-6.569
"2026-03-19 16:56:00",2821,13.45,-8.45,-8.18,78,77.49,0.92,2.479,1.338,2.842,21.17,992.4476,5.141,4.649,274.7,235.6,-8.39,-6.594
"2026-03-19 16:57:00",2822,13.45,-8.41,-8.15,77.82,77.7,0.798,2.372,1.03,2.548,19.92,992.4402,5.17,4.577,274.1,233.9,-8.43,-6.615
"2026-03-19 16:58:00",2823,13.45,-8.39,-8.11,77.77,77.57,0.592,2.128,0.978,2.548,17.06,992.4441,5.16,4.437,273.5,232.7,-8.47,-6.641
"2026-03-19 16:59:00",2824,13.45,-8.38,-8.09,77.44,76.66,0.475,1.007,1.493,1.764,258.2,992.4633,5.265,4.399,272.6,231.2,-8.52,-6.659
"2026-03-19 17:00:00",2825,13.45,-8.48,-8.27,77.15,76.83,1.092,1.617,1.441,1.96,257.6,992.4686,5.086,4.195,271.8,230.2,-8.6,-6.695
"2026-03-19 17:01:00",2826,13.45,-8.51,-8.33,78.28,78.82,1.103,1.782,1.853,2.45,311.4,992.4641,4.366,3.514,272.2,233,-8.62,-6.756
"2026-03-19 17:02:00",2827,13.45,-8.32,-8.18,79.01,79.15,0.379,1.317,0.824,1.862,354.5,992.4627,5.129,4.311,273.6,237.1,-8.55,-6.802
"2026-03-19 17:03:00",2828,13.45,-8.11,-8.03,78.58,78.35,0.121,0.781,0.824,1.666,341.7,992.4704,5.767,5.024,274,239.5,-8.5,-6.799
"2026-03-19 17:04:00",2829,13.45,-7.969,-7.928,77.99,78.24,0.004,0.446,0.103,1.274,267.2,992.5016,5.793,5.065,273.3,241.2,-8.49,-6.779
"2026-03-19 17:05:00",2830,13.45,-7.896,-7.856,77.36,77.48,0.705,1.66,1.236,2.254,266.3,992.5317,5.473,4.793,273.1,242.6,-8.51,-6.767
"2026-03-19 17:06:00",2831,13.45,-7.887,-7.79,77.2,78.08,0.546,1.369,1.236,2.058,290.7,992.5445,5.248,4.682,273.3,245.6,-8.52,-6.766
"2026-03-19 17:07:00",2832,13.45,-7.787,-7.66,77.72,78.22,0.001,0.475,0.051,0.784,309.1,992.5398,4.745,4.281,273.4,249.3,-8.5,-6.77
"2026-03-19 17:08:00",2833,13.45,-7.631,-7.511,77.69,77.96,0,0.229,0,0.49,309.4,992.5488,4.939,4.604,273.8,252.4,-8.46,-6.762
"2026-03-19 17:09:00",2834,13.45,-7.48,-7.365,77.33,77.35,0.006,0.426,0.206,1.176,261.6,992.5726,4.955,4.726,274,254.5,-8.44,-6.751
"2026-03-19 17:10:00",2835,13.45,-7.416,-7.308,76.26,76.31,0.442,1.229,1.03,1.96,254.2,992.5975,4.702,4.63,274.5,256.3,-8.44,-6.738
"2026-03-19 17:11:00",2836,13.45,-7.392,-7.264,76.35,76.77,0,0.315,0,0.882,254.2,992.5972,4.303,4.304,274.9,260.1,-8.43,-6.731
"2026-03-19 17:12:00",2837,13.45,-7.304,-7.136,76.55,77.2,0,0.216,0,0.49,262.3,992.6001,4.303,4.37,275.4,264.1,-8.39,-6.718
"2026-03-19 17:13:00",2838,13.45,-7.197,-7.001,76.42,76.58,0,0.808,0,1.078,262.2,992.628,4.266,4.577,276,267.7,-8.37,-6.686
"2026-03-19 17:14:00",2839,13.45,-7.112,-6.937,76.08,75.88,0,1.256,0,1.47,258.8,992.6545,4.165,4.595,276.8,270.7,-8.33,-6.654
"2026-03-19 17:15:00",2840,13.45,-7.06,-6.902,75.62,75.37,0.401,1.33,1.081,1.96,243.1,992.6775,3.811,4.414,277.7,273.3,-8.29,-6.626
"2026-03-19 17:16:00",2841,13.45,-7.081,-6.879,75.13,75.53,0.154,1.121,0.463,1.372,243.1,992.6962,3.882,4.585,278.6,275.2,-8.26,-6.601
"2026-03-19 17:17:00",2842,13.45,-7.141,-6.876,74.73,74.57,0.585,1.569,1.133,1.764,238.2,992.7278,3.72,4.444,279.1,275.6,-8.23,-6.57
"2026-03-19 17:18:00",2843,13.45,-7.261,-6.952,74.64,74.72,0.588,1.484,1.03,1.666,238.2,992.7497,3.342,4.113,279.4,275.9,-8.22,-6.535
"2026-03-19 17:19:00",2844,13.45,-7.346,-6.985,75.02,75.17,0.54,1.459,0.824,1.568,238.5,992.774,3.112,3.802,279.7,276.4,-8.22,-6.507
"2026-03-19 17:20:00",2845,13.45,-7.405,-6.958,75.42,75.47,0.596,1.534,1.03,1.764,238.7,992.8027,2.931,3.586,279.9,276.9,-8.21,-6.478
"2026-03-19 17:21:00",2846,13.45,-7.403,-6.919,75.79,75.44,0.456,1.477,0.927,1.666,238.7,992.8182,2.791,3.442,280.2,277.6,-8.21,-6.448
"2026-03-19 17:22:00",2847,13.45,-7.431,-6.879,75.84,75.17,0.16,1.251,0.36,1.47,238.7,992.8304,2.724,3.394,280.5,278.2,-8.19,-6.424
"2026-03-19 17:23:00",2848,13.45,-7.449,-6.872,75.98,75.11,0,1.169,0,1.274,238.7,992.8245,2.604,3.26,280.7,278.3,-8.19,-6.399
"2026-03-19 17:24:00",2849,13.45,-7.436,-6.853,76.22,75.14,0,0.901,0,1.176,238.7,992.8072,2.547,3.184,280.9,277.6,-8.19,-6.369
"2026-03-19 17:25:00",2850,13.45,-7.394,-6.857,76.33,74.77,0,0.437,0,0.784,238.7,992.7971,2.508,3.126,281,276,-8.18,-6.339
"2026-03-19 17:26:00",2851,13.45,-7.37,-6.921,76.15,74.63,0,0.337,0,0.686,238.8,992.7734,2.57,3.112,281,273.5,-8.15,-6.31
"2026-03-19 17:27:00",2852,13.45,-7.389,-7.006,75.96,74.52,0.001,0.71,0.051,1.176,293.6,992.7693,2.675,3.097,280.7,269.9,-8.13,-6.284
"2026-03-19 17:28:00",2853,13.45,-7.469,-7.184,75.86,75.18,0,0.909,0,1.372,298.3,992.7513,2.68,2.916,280.2,266.6,-8.13,-6.268
"2026-03-19 17:29:00",2854,13.45,-7.573,-7.311,76.26,76.66,0,1.048,0,1.274,298.4,992.7476,2.538,2.615,279.8,264.4,-8.13,-6.257
"2026-03-19 17:30:00",2855,13.45,-7.643,-7.334,76.64,77.28,0,0.875,0,1.078,298.4,992.7458,2.446,2.432,279.4,262.9,-8.13,-6.248
"2026-03-19 17:31:00",2856,13.45,-7.66,-7.32,77.25,77.36,0,0.672,0,0.784,298.4,992.7427,2.441,2.17,279.1,262.9,-8.14,-6.243
"2026-03-19 17:32:00",2857,13.45,-7.627,-7.34,77.38,77.41,0,0.584,0,0.784,298.3,992.7587,2.441,2.154,279,264.5,-8.14,-6.238
"2026-03-19 17:33:00",2858,13.45,-7.622,-7.369,77.45,77.56,0,0.035,0,0.392,298.3,992.7647,2.398,2.145,279.1,266.6,-8.13,-6.225
"2026-03-19 17:34:00",2859,13.45,-7.628,-7.386,77.52,77.9,0,0,0,0,298.3,992.7659,2.274,1.997,279.3,267.6,-8.14,-6.217
"2026-03-19 17:35:00",2860,13.45,-7.627,-7.385,77.59,78.2,0,0,0,0,298.3,992.7766,2.231,1.925,279.4,267.5,-8.14,-6.193
"2026-03-19 17:36:00",2861,13.45,-7.622,-7.366,77.76,78.89,0,0,0,0,298.3,992.7851,2.155,1.867,279.4,267.9,-8.15,-6.181
"2026-03-19 17:37:00",2862,13.45,-7.596,-7.318,78.05,79.21,0,0,0,0,298.3,992.7759,2.154,1.857,279.5,269.3,-8.15,-6.162
"2026-03-19 17:38:00",2863,13.45,-7.563,-7.295,78.11,79.03,0,0,0,0,298.3,992.7715,2.078,1.79,279.8,270.7,-8.15,-6.14
"2026-03-19 17:39:00",2864,13.45,-7.557,-7.296,77.97,78.83,0,0,0,0,298.3,992.768,2.083,1.838,280.1,271.7,-8.14,-6.113
"2026-03-19 17:40:00",2865,13.45,-7.607,-7.336,77.72,78.52,0,0.192,0,0.784,85.8,992.7612,1.92,1.8,280.4,272.6,-8.13,-6.093
"2026-03-19 17:41:00",2866,13.46,-7.656,-7.404,78.75,80,0,0.829,0,1.372,94.3,992.759,1.747,1.661,280.8,273.8,-8.09,-6.069
"2026-03-19 17:42:00",2867,13.45,-7.556,-7.357,79.68,80.9,0,1.259,0,1.47,94.2,992.7488,1.972,1.942,281.4,275.2,-8.02,-6.05
"2026-03-19 17:43:00",2868,13.45,-7.373,-7.241,80.3,81.4,0,1.161,0,1.47,92,992.7338,2.23,2.263,282.1,276.4,-7.921,-6.027
"2026-03-19 17:44:00",2869,13.45,-7.185,-7.108,80.4,81.6,0,0.575,0,0.98,92,992.7176,2.556,2.617,282.5,276.7,-7.825,-6.006
"2026-03-19 17:45:00",2870,13.46,-7.027,-6.98,80.2,81.4,0,0.082,0,0.49,92,992.7024,2.938,3.039,282.9,276.1,-7.747,-5.978
"2026-03-19 17:46:00",2871,13.46,-6.913,-6.88,79.95,81,0,0,0,0,92,992.6968,3.021,3.103,283,274.9,-7.702,-5.943
"2026-03-19 17:47:00",2872,13.45,-6.826,-6.792,79.96,81.6,0,0.061,0,0.588,7.351,992.7076,2.868,2.896,283,273.2,-7.66,-5.912
"2026-03-19 17:48:00",2873,13.46,-6.717,-6.68,80,81.4,0,0.429,0,0.784,7.333,992.7158,2.872,2.853,283,271.9,-7.609,-5.889
"2026-03-19 17:49:00",2874,13.46,-6.627,-6.601,79.71,80.9,0,0.054,0,0.588,15.08,992.7129,2.883,2.815,282.8,272,-7.584,-5.86
"2026-03-19 17:50:00",2875,13.46,-6.595,-6.567,79.36,80.6,0,0.675,0,1.078,32.06,992.7172,2.59,2.433,282.8,272.2,-7.554,-5.84
"2026-03-19 17:51:00",2876,13.46,-6.586,-6.557,79.19,80.3,0,0.619,0,0.882,39.43,992.7122,2.466,2.279,282.8,272.2,-7.513,-5.823
"2026-03-19 17:52:00",2877,13.46,-6.581,-6.564,79.19,80.3,0,0.133,0,0.588,39.45,992.7049,2.398,2.198,282.8,271.9,-7.474,-5.814
"2026-03-19 17:53:00",2878,13.45,-6.57,-6.562,79.11,80.2,0,0,0,0,39.46,992.7061,2.361,2.093,282.6,271.7,-7.468,-5.804
"2026-03-19 17:54:00",2879,13.45,-6.575,-6.582,79,80.3,0,0,0,0,39.46,992.7112,2.226,1.891,282.6,272.1,-7.456,-5.785
"2026-03-19 17:55:00",2880,13.46,-6.587,-6.6,79.05,80.5,0,0,0,0,39.46,992.7216,2.078,1.748,282.6,272.8,-7.435,-5.77
"2026-03-19 17:56:00",2881,13.46,-6.593,-6.614,78.98,80.4,0,0.544,0,0.882,31.4,992.7499,2.001,1.714,282.8,273.1,-7.411,-5.755
"2026-03-19 17:57:00",2882,13.46,-6.627,-6.647,78.94,79.96,0.002,0.686,0.051,1.078,31.4,992.7599,1.877,1.652,282.8,273.3,-7.404,-5.744
"2026-03-19 17:58:00",2883,13.46,-6.712,-6.715,78.25,79.14,0.001,0.999,0.051,1.372,31.39,992.7635,1.609,1.412,282.8,273,-7.412,-5.734
"2026-03-19 17:59:00",2884,13.46,-6.848,-6.812,78.06,78.75,0,1.304,0,1.47,31.53,992.757,1.365,1.149,282.8,272.7,-7.412,-5.739
"2026-03-19 18:00:00",2885,13.46,-6.946,-6.879,78.27,79.05,0,1.087,0,1.372,32.27,992.7528,1.236,0.991,282.7,272.5,-7.412,-5.747
"2026-03-19 18:01:00",2886,13.46,-6.989,-6.901,78.59,79.26,0,0.649,0,0.784,42.5,992.7547,1.149,0.877,282.7,272.8,-7.407,-5.756
"2026-03-19 18:02:00",2887,13.46,-6.984,-6.897,78.69,79.39,0,0.485,0,0.686,42.51,992.7484,1.149,0.848,282.8,273.2,-7.4,-5.764
"2026-03-19 18:03:00",2888,13.45,-6.965,-6.88,78.85,79.55,0,0.073,0,0.392,42.51,992.7622,1.158,0.837,282.8,274.1,-7.398,-5.763
"2026-03-19 18:04:00",2889,13.45,-6.926,-6.852,79.08,79.59,0,0,0,0,42.51,992.7798,1.144,0.79,283,275.5,-7.393,-5.76
"2026-03-19 18:05:00",2890,13.46,-6.879,-6.825,79.18,79.62,0,0,0,0,42.49,992.7998,1.101,0.77,283.2,277.2,-7.387,-5.747
"2026-03-19 18:06:00",2891,13.46,-6.837,-6.795,79.21,79.78,0,0,0,0,42.14,992.8163,1.14,0.871,283.5,278.5,-7.381,-5.732
"2026-03-19 18:07:00",2892,13.46,-6.796,-6.771,79.2,80,0,0.14,0,0.686,32.95,992.8219,1.058,0.876,283.8,279.3,-7.372,-5.716
"2026-03-19 18:08:00",2893,13.45,-6.767,-6.752,78.82,78.73,0,1.008,0,1.372,22.79,992.8265,1.005,0.976,284,279.8,-7.358,-5.701
"2026-03-19 18:09:00",2894,13.45,-6.771,-6.765,78.25,77.91,0,1.129,0,1.274,22.85,992.8166,1.005,1,284.2,280.1,-7.334,-5.688
"2026-03-19 18:10:00",2895,13.46,-6.796,-6.783,77.96,77.1,0,0.899,0,1.078,23.15,992.8149,1.091,1.039,284.4,280.5,-7.311,-5.685
"2026-03-19 18:11:00",2896,13.46,-6.814,-6.757,77.62,76.88,0,0.835,0,1.078,23.16,992.8079,1.144,1.101,284.5,280.7,-7.29,-5.677
"2026-03-19 18:12:00",2897,13.46,-6.825,-6.701,77.41,77.16,0,0.69,0,0.98,31.68,992.8154,1.072,1.048,284.6,281.1,-7.273,-5.673
"2026-03-19 18:13:00",2898,13.46,-6.832,-6.641,77.34,76.85,0,0.515,0,0.784,31.98,992.814,1.005,1.005,284.7,281.5,-7.257,-5.664
"2026-03-19 18:14:00",2899,13.46,-6.829,-6.597,77.48,77.1,0,0.149,0,0.392,31.98,992.8116,1.063,1.01,284.9,282.1,-7.238,-5.645
"2026-03-19 18:15:00",2900,13.46,-6.81,-6.54,77.66,77.17,0,0.066,0,0.392,31.96,992.8137,1.039,1.005,285,282.5,-7.23,-5.626
"2026-03-19 18:16:00",2901,13.46,-6.779,-6.486,77.88,77.16,0,0.06,0,0.392,31.96,992.8065,0.976,0.981,285.2,282.9,-7.213,-5.602
"2026-03-19 18:17:00",2902,13.46,-6.739,-6.422,78.13,76.85,0,0.028,0,0.392,31.97,992.8074,0.962,0.948,285.4,283.1,-7.201,-5.582
"2026-03-19 18:18:00",2903,13.46,-6.673,-6.343,78.29,76.49,0,0,0,0,31.93,992.8162,0.986,0.967,285.5,283.4,-7.184,-5.563
"2026-03-19 18:19:00",2904,13.46,-6.608,-6.279,78.34,76.37,0,0.013,0,0.392,31.76,992.8219,1.057,1.039,285.6,283.7,-7.16,-5.544
"2026-03-19 18:20:00",2905,13.46,-6.537,-6.23,78.25,76.11,0,0,0,0,31.76,992.8217,1.149,1.158,285.9,283.9,-7.134,-5.529
"2026-03-19 18:21:00",2906,13.46,-6.477,-6.2,78.09,76.12,0,0,0,0,31.76,992.8079,1.221,1.278,286.1,283.9,-7.109,-5.51
"2026-03-19 18:22:00",2907,13.45,-6.428,-6.17,77.93,76.11,0,0,0,0,31.76,992.7976,1.168,1.293,286.3,283.8,-7.087,-5.489
"2026-03-19 18:23:00",2908,13.46,-6.386,-6.147,77.79,76.09,0,0,0,0,31.76,992.7797,1.149,1.187,286.3,283.5,-7.085,-5.463
"2026-03-19 18:24:00",2909,13.46,-6.348,-6.129,77.67,75.83,0,0,0,0,31.6,992.7728,1.149,1.183,286.4,283.5,-7.068,-5.444
"2026-03-19 18:25:00",2910,13.46,-6.313,-6.111,77.54,75.58,0,0,0,0,31.6,992.7754,1.149,1.149,286.4,283.6,-7.06,-5.43
"2026-03-19 18:26:00",2911,13.46,-6.284,-6.096,77.38,75.38,0,0,0,0,31.6,992.7839,1.149,1.135,286.5,283.7,-7.049,-5.412
"2026-03-19 18:27:00",2912,13.46,-6.257,-6.085,77.24,75.23,0,0,0,0,31.61,992.7888,1.149,1.082,286.5,283.8,-7.039,-5.391
"2026-03-19 18:28:00",2913,13.46,-6.24,-6.072,77.17,75.12,0,0,0,0,31.62,992.7879,1.149,1.101,286.5,283.8,-7.02,-5.371
"2026-03-19 18:29:00",2914,13.46,-6.221,-6.066,77.1,74.96,0,0,0,0,31.62,992.7695,1.149,1.106,286.5,283.8,-7.004,-5.359
"2026-03-19 18:30:00",2915,13.46,-6.206,-6.06,77.01,74.85,0,0,0,0,31.62,992.7592,1.149,1.139,286.5,283.9,-6.985,-5.344
"2026-03-19 18:31:00",2916,13.46,-6.194,-6.052,76.92,74.8,0,0,0,0,31.62,992.7534,1.078,1.059,286.5,283.7,-6.97,-5.336
"2026-03-19 18:32:00",2917,13.46,-6.185,-6.049,76.81,74.79,0,0,0,0,31.6,992.7357,1.052,1.019,286.5,283.5,-6.947,-5.328
"2026-03-19 18:33:00",2918,13.46,-6.178,-6.056,76.68,74.7,0,0,0,0,31.61,992.7068,1.043,1.015,286.6,283.5,-6.933,-5.32
"2026-03-19 18:34:00",2919,13.46,-6.173,-6.069,76.54,74.73,0,0,0,0,31.61,992.6728,1.121,1.034,286.6,283.3,-6.917,-5.311
"2026-03-19 18:35:00",2920,13.46,-6.164,-6.086,76.41,74.88,0,0,0,0,31.61,992.6576,1.148,1.106,286.6,282.8,-6.898,-5.306
"2026-03-19 18:36:00",2921,13.46,-6.156,-6.104,76.32,75.07,0,0,0,0,31.61,992.6476,1.149,1.096,286.6,282.4,-6.872,-5.299
"2026-03-19 18:37:00",2922,13.46,-6.154,-6.12,76.24,75.17,0,0,0,0,31.61,992.6536,1.153,1.039,286.6,282.2,-6.856,-5.29
"2026-03-19 18:38:00",2923,13.46,-6.147,-6.123,76.17,75.23,0,0,0,0,31.61,992.6763,1.13,0.977,286.5,282.4,-6.842,-5.28
"2026-03-19 18:39:00",2924,13.46,-6.146,-6.134,76.19,75.34,0,0,0,0,31.61,992.6989,1.053,0.866,286.6,282.8,-6.817,-5.277
"2026-03-19 18:40:00",2925,13.46,-6.152,-6.15,76.35,75.57,0,0,0,0,31.62,992.723,0.986,0.862,286.6,282.8,-6.802,-5.27
"2026-03-19 18:41:00",2926,13.46,-6.162,-6.158,76.37,75.5,0,0,0,0,31.61,992.7485,0.862,0.757,286.6,282.6,-6.788,-5.268
"2026-03-19 18:42:00",2927,13.46,-6.172,-6.173,76.22,75.55,0,0,0,0,31.61,992.7503,0.948,0.751,286.7,282.7,-6.769,-5.263
"2026-03-19 18:43:00",2928,13.46,-6.172,-6.186,76.11,75.59,0,0,0,0,31.46,992.7599,0.909,0.718,286.8,282.9,-6.741,-5.257
"2026-03-19 18:44:00",2929,13.46,-6.19,-6.212,76.36,75.99,0.001,0,0.051,0,31.33,992.7708,0.814,0.69,286.6,283.1,-6.731,-5.248
"2026-03-19 18:45:00",2930,13.46,-6.23,-6.243,76.55,76.16,0,0,0,0,31.33,992.7894,0.656,0.479,286.5,283.4,-6.744,-5.252
"2026-03-19 18:46:00",2931,13.46,-6.255,-6.249,76.63,76.26,0,0,0,0,31.34,992.8002,0.418,0.307,286.5,283.7,-6.744,-5.261
"2026-03-19 18:47:00",2932,13.46,-6.262,-6.249,76.61,76.39,0,0,0,0,31.34,992.8024,0.316,0.215,286.5,283.7,-6.747,-5.268
"2026-03-19 18:48:00",2933,13.46,-6.269,-6.246,76.57,76.39,0,0.124,0,1.078,248.2,992.8273,0.425,0.358,286.5,283.5,-6.74,-5.271
"2026-03-19 18:49:00",2934,13.46,-6.38,-6.341,76.83,77.2,0.248,1.396,0.978,1.666,248.5,992.8414,0.34,0.249,286.4,283.3,-6.743,-5.274
"2026-03-19 18:50:00",2935,13.46,-6.535,-6.507,77.44,78.2,0.313,0.709,0.875,1.568,248.3,992.8552,0.163,0.063,286.3,283.8,-6.763,-5.287
"2026-03-19 18:51:00",2936,13.46,-6.58,-6.539,78,78.71,0,0,0,0,248.3,992.8673,0.106,0.061,286.4,284.5,-6.747,-5.299
"2026-03-19 18:52:00",2937,13.45,-6.523,-6.5,78.23,78.82,0,0.002,0,0.098,248.3,992.8875,0.249,0.21,286.5,284.5,-6.736,-5.309
"2026-03-19 18:53:00",2938,13.46,-6.493,-6.489,78.1,78.55,0.01,0.859,0.309,1.274,248.2,992.8911,0.449,0.45,286.5,283.9,-6.727,-5.317
"2026-03-19 18:54:00",2939,13.45,-6.584,-6.585,78.17,79.02,0.02,0.589,0.206,1.176,248.2,992.9064,0.365,0.293,286.4,283.7,-6.737,-5.315
"2026-03-19 18:55:00",2940,13.46,-6.651,-6.621,78.44,79.29,0,0,0,0,248.2,992.9062,0.254,0.092,286.4,283.4,-6.743,-5.325
"2026-03-19 18:56:00",2941,13.45,-6.691,-6.641,78.59,79.32,0,0,0,0,248.2,992.9029,0.149,0,286.4,283,-6.745,-5.33
"2026-03-19 18:57:00",2942,13.46,-6.72,-6.677,78.75,79.42,0,0,0,0,248.2,992.9079,0.105,-0.005,286.4,282.7,-6.756,-5.337
"2026-03-19 18:58:00",2943,13.46,-6.74,-6.719,78.89,79.61,0,0,0,0,248.2,992.9266,0.062,-0.028,286.3,282.2,-6.765,-5.33
"2026-03-19 18:59:00",2944,13.45,-6.756,-6.762,79.06,79.84,0,0,0,0,248.2,992.9406,0.115,-0.077,286.3,282.2,-6.775,-5.332
"2026-03-19 19:00:00",2945,13.46,-6.771,-6.791,79.19,80.1,0,0,0,0,248.2,992.9469,0.115,-0.086,286.3,282.3,-6.781,-5.326
"2026-03-19 19:01:00",2946,13.46,-6.778,-6.797,79.38,80.4,0,0,0,0,248.2,992.9478,0.13,-0.091,286.4,282.4,-6.782,-5.323
"2026-03-19 19:02:00",2947,13.46,-6.772,-6.77,79.52,80.5,0,0,0,0,253.4,992.9435,0.225,-0.01,286.5,282.3,-6.785,-5.32
"2026-03-19 19:03:00",2948,13.46,-6.771,-6.767,79.68,80.7,0,0,0,0,314.1,992.9453,0.215,-0.028,286.4,282.1,-6.786,-5.311
"2026-03-19 19:04:00",2949,13.45,-6.766,-6.78,79.8,80.8,0,0,0,0,322.5,992.9435,0.273,-0.02,286.5,282.2,-6.781,-5.313
"2026-03-19 19:05:00",2950,13.46,-6.765,-6.787,79.91,80.9,0,0,0,0,322.4,992.9557,0.287,0,286.5,282.6,-6.779,-5.31
"2026-03-19 19:06:00",2951,13.46,-6.761,-6.796,79.97,81,0,0,0,0,322.4,992.9523,0.287,0,286.6,282.9,-6.775,-5.312
"2026-03-19 19:07:00",2952,13.45,-6.767,-6.811,80,81.1,0,0,0,0,322.1,992.9472,0.287,0,286.6,282.9,-6.772,-5.311
"2026-03-19 19:08:00",2953,13.46,-6.775,-6.812,80.1,81.1,0,0,0,0,322.1,992.9416,0.272,0,286.5,282.7,-6.777,-5.309
"2026-03-19 19:09:00",2954,13.46,-6.775,-6.797,80.1,80.9,0,0,0,0,322.2,992.9359,0.287,0,286.5,282.4,-6.778,-5.31
"2026-03-19 19:10:00",2955,13.46,-6.774,-6.783,80.1,80.8,0,0,0,0,322.2,992.9343,0.287,0,286.5,282.2,-6.783,-5.31
"2026-03-19 19:11:00",2956,13.46,-6.774,-6.777,80.2,80.8,0,0,0,0,322.1,992.941,0.287,0,286.5,282.1,-6.786,-5.309
"2026-03-19 19:12:00",2957,13.46,-6.767,-6.783,80.2,80.8,0,0,0,0,322.2,992.9448,0.287,0,286.5,282.4,-6.786,-5.307
"2026-03-19 19:13:00",2958,13.46,-6.765,-6.782,80.3,80.9,0,0,0,0,322.2,992.9545,0.282,0,286.6,282.7,-6.785,-5.303
"2026-03-19 19:14:00",2959,13.46,-6.758,-6.763,80.3,80.7,0,0,0,0,322.2,992.9644,0.287,0,286.7,282.9,-6.781,-5.294
"2026-03-19 19:15:00",2960,13.46,-6.747,-6.739,80.2,80.5,0,0,0,0,322.2,992.9693,0.287,0,286.8,283,-6.768,-5.289
"2026-03-19 19:16:00",2961,13.45,-6.725,-6.708,80.1,80.2,0,0,0,0,322.2,992.9744,0.287,0.01,286.9,282.9,-6.759,-5.283
"2026-03-19 19:17:00",2962,13.46,-6.7,-6.679,80,79.93,0,0,0,0,322.2,992.9797,0.287,0,286.9,282.7,-6.757,-5.277
"2026-03-19 19:18:00",2963,13.46,-6.678,-6.65,79.91,79.76,0,0,0,0,322.2,992.9805,0.287,0.01,286.8,282.4,-6.76,-5.27
"2026-03-19 19:19:00",2964,13.46,-6.665,-6.629,79.83,79.62,0,0,0,0,322.2,992.9855,0.287,0.01,286.8,282.3,-6.755,-5.259
"2026-03-19 19:20:00",2965,13.46,-6.655,-6.609,79.75,79.44,0,0,0,0,322.2,992.9727,0.287,0,286.7,282.2,-6.762,-5.253
"2026-03-19 19:21:00",2966,13.46,-6.638,-6.586,79.65,79.14,0,0,0,0,322.2,992.9723,0.287,0,286.8,282.3,-6.762,-5.249
"2026-03-19 19:22:00",2967,13.46,-6.611,-6.566,79.51,78.85,0,0,0,0,322.2,992.9733,0.287,0,286.8,282.4,-6.748,-5.247
"2026-03-19 19:23:00",2968,13.46,-6.586,-6.544,79.35,78.52,0,0,0,0,322.2,992.9683,0.287,0,286.9,282.4,-6.745,-5.241
"2026-03-19 19:24:00",2969,13.46,-6.556,-6.518,79.15,78.27,0,0,0,0,322.2,992.9667,0.287,0,286.8,282.3,-6.744,-5.238
"2026-03-19 19:25:00",2970,13.46,-6.529,-6.497,79,78.16,0,0,0,0,322.2,992.9667,0.287,0,286.8,282.3,-6.745,-5.233
"2026-03-19 19:26:00",2971,13.46,-6.517,-6.488,78.87,78.06,0,0,0,0,322.2,992.9686,0.287,0.005,286.7,282.4,-6.746,-5.231
"2026-03-19 19:27:00",2972,13.47,-6.51,-6.476,78.76,77.99,0,0,0,0,322.2,992.9713,0.287,0.005,286.8,282.7,-6.741,-5.23
"2026-03-19 19:28:00",2973,13.46,-6.499,-6.467,78.68,77.94,0,0,0,0,322.2,992.976,0.287,0.005,286.8,282.8,-6.746,-5.228
"2026-03-19 19:29:00",2974,13.46,-6.502,-6.453,78.63,77.89,0,0,0,0,322.2,992.9733,0.302,0.048,286.9,282.9,-6.74,-5.224
"2026-03-19 19:30:00",2975,13.46,-6.496,-6.444,78.6,77.83,0,0,0,0,322.2,992.9661,0.287,0,286.9,282.7,-6.742,-5.222
"2026-03-19 19:31:00",2976,13.46,-6.483,-6.429,78.57,77.8,0,0,0,0,322.2,992.9633,0.287,0,287,282.5,-6.738,-5.217
"2026-03-19 19:32:00",2977,13.46,-6.461,-6.412,78.56,77.69,0,0,0,0,322.2,992.9617,0.287,0,287,282.3,-6.736,-5.21
"2026-03-19 19:33:00",2978,13.46,-6.445,-6.402,78.62,77.55,0,0,0,0,322.2,992.958,0.287,0,287,282,-6.729,-5.203
"2026-03-19 19:34:00",2979,13.46,-6.444,-6.4,78.85,78.21,0,0,0,0,322.4,992.9611,0.292,0,286.9,281.6,-6.728,-5.194
"2026-03-19 19:35:00",2980,13.45,-6.459,-6.421,79.29,78.62,0,0,0,0,322.4,992.9597,0.349,0.019,286.9,281.4,-6.718,-5.191
"2026-03-19 19:36:00",2981,13.46,-6.476,-6.451,79.58,78.78,0,0,0,0,322.3,992.9505,0.46,0.148,286.9,281.6,-6.717,-5.182
"2026-03-19 19:37:00",2982,13.46,-6.477,-6.447,79.75,78.85,0,0,0,0,322.3,992.9431,0.454,0.134,286.8,281.7,-6.712,-5.175
"2026-03-19 19:38:00",2983,13.46,-6.481,-6.432,79.83,78.91,0,0,0,0,322.3,992.932,0.493,0.134,286.9,281.7,-6.701,-5.173
"2026-03-19 19:39:00",2984,13.46,-6.477,-6.417,79.93,79.3,0,0,0,0,322.8,992.9254,0.521,0.11,286.9,281.7,-6.697,-5.171
"2026-03-19 19:40:00",2985,13.46,-6.46,-6.381,80,79.37,0,0,0,0,7.763,992.9023,0.512,0.129,287,281.7,-6.696,-5.165
"2026-03-19 19:41:00",2986,13.46,-6.415,-6.342,80.1,79.13,0,0.836,0,1.47,43.19,992.8885,0.555,0.243,287,281.6,-6.671,-5.161
"2026-03-19 19:42:00",2987,13.46,-6.364,-6.319,79.64,78.07,0,1.182,0,1.372,50.67,992.8752,0.579,0.287,287.1,281.6,-6.634,-5.161
"2026-03-19 19:43:00",2988,13.46,-6.303,-6.292,79.09,78.01,0,1.308,0,1.47,50.5,992.8728,0.761,0.511,287.2,281.6,-6.598,-5.169
"2026-03-19 19:44:00",2989,13.46,-6.263,-6.278,78.49,77.61,0,1.429,0,1.568,50.72,992.8631,0.828,0.574,287.2,281.7,-6.569,-5.173
"2026-03-19 19:45:00",2990,13.46,-6.245,-6.281,78.3,77.54,0.001,1.449,0.051,1.666,58.1,992.8464,0.699,0.455,287.2,281.6,-6.539,-5.178
"2026-03-19 19:46:00",2991,13.46,-6.233,-6.281,78.1,77.75,0,1.443,0,1.666,62.76,992.8187,0.69,0.536,287.2,281.7,-6.506,-5.182
"2026-03-19 19:47:00",2992,13.46,-6.219,-6.269,78.01,77.79,0.033,1.558,0.515,1.764,63.95,992.7822,0.77,0.55,287.2,281.8,-6.477,-5.181
"2026-03-19 19:48:00",2993,13.46,-6.195,-6.245,78.16,77.95,1.127,1.677,1.493,1.862,60.04,992.755,0.656,0.384,287.4,281.8,-6.443,-5.181
"2026-03-19 19:49:00",2994,13.46,-6.176,-6.231,77.78,77.35,1.37,1.842,1.956,2.254,48.13,992.7426,0.7,0.406,287.4,281.7,-6.415,-5.183
"2026-03-19 19:50:00",2995,13.46,-6.165,-6.239,77.36,76.75,1.084,1.784,1.544,2.058,46.23,992.7196,0.757,0.412,287.4,281.6,-6.393,-5.186
"2026-03-19 19:51:00",2996,13.46,-6.185,-6.274,76.81,76.55,1.577,1.986,1.905,2.254,46.51,992.6997,0.608,0.301,287.3,281.5,-6.388,-5.193
"2026-03-19 19:52:00",2997,13.46,-6.23,-6.331,76.67,77.04,1.443,1.83,1.75,2.156,43.43,992.6746,0.574,0.278,287.1,281.2,-6.394,-5.207
"2026-03-19 19:53:00",2998,13.47,-6.275,-6.382,76.96,77.47,1.468,1.912,1.75,2.156,42.98,992.6766,0.45,0.03,287.1,281.1,-6.385,-5.218
"2026-03-19 19:54:00",2999,13.46,-6.316,-6.429,77.16,77.83,1.318,1.834,1.699,2.058,35.71,992.7015,0.355,0,287,280.8,-6.395,-5.229
"2026-03-19 19:55:00",3000,13.46,-6.357,-6.48,77.44,78.37,0.147,1.309,0.927,1.666,33.84,992.7466,0.297,-0.004,287,280.8,-6.39,-5.245
"2026-03-19 19:56:00",3001,13.46,-6.392,-6.517,77.7,78.76,0,0.746,0,1.274,16.48,992.7977,0.287,-0.119,287,281.3,-6.399,-5.252
"2026-03-19 19:57:00",3002,13.46,-6.418,-6.541,77.91,78.98,0,0.213,0,0.686,0.071,992.8403,0.263,-0.177,287,282.5,-6.407,-5.262
"2026-03-19 19:58:00",3003,13.46,-6.433,-6.561,78.02,79.12,0,0.491,0,0.784,345.9,992.8672,0.212,-0.172,287.1,283.2,-6.411,-5.26
"2026-03-19 19:59:00",3004,13.46,-6.459,-6.584,78.09,79.28,0,0.09,0,0.686,345.6,992.8551,0.148,-0.148,287.1,283,-6.423,-5.257
"2026-03-19 20:00:00",3005,13.46,-6.483,-6.606,78.2,79.42,0,0,0,0,345.6,992.829,0.129,-0.172,287.1,282.3,-6.421,-5.257
"2026-03-19 20:01:00",3006,13.46,-6.501,-6.628,78.35,79.52,0,0,0,0,345.6,992.8118,0.125,-0.201,287,281.8,-6.432,-5.259
"2026-03-19 20:02:00",3007,13.46,-6.518,-6.644,78.4,79.56,0,0,0,0,345.6,992.8132,0.124,-0.224,286.9,281.9,-6.446,-5.262
"2026-03-19 20:03:00",3008,13.46,-6.532,-6.66,78.51,79.59,0,0,0,0,345.6,992.8159,0.01,-0.287,286.9,282.5,-6.457,-5.262
"2026-03-19 20:04:00",3009,13.46,-6.553,-6.671,78.54,79.72,0,0,0,0,345.5,992.8072,0.005,-0.282,287,283,-6.462,-5.265
"2026-03-19 20:05:00",3010,13.46,-6.573,-6.662,78.6,79.6,0,0,0,0,345.5,992.783,0.005,-0.277,287,282.4,-6.471,-5.269
"2026-03-19 20:06:00",3011,13.45,-6.579,-6.663,78.67,79.57,0,0,0,0,345.5,992.7377,0,-0.282,286.9,281.5,-6.48,-5.271
"2026-03-19 20:07:00",3012,13.46,-6.574,-6.665,78.74,79.67,0,0,0,0,345.5,992.702,0.039,-0.287,286.9,280.9,-6.484,-5.273
"2026-03-19 20:08:00",3013,13.45,-6.566,-6.643,78.76,79.64,0,0,0,0,345.5,992.6968,0.109,-0.292,286.8,280.5,-6.49,-5.268
"2026-03-19 20:09:00",3014,13.46,-6.551,-6.602,78.77,79.88,0,0,0,0,345.5,992.6959,0.101,-0.282,286.7,280.6,-6.495,-5.261
"2026-03-19 20:10:00",3015,13.46,-6.539,-6.52,78.78,79.6,0,0,0,0,345.5,992.7029,0.076,-0.287,286.7,280.9,-6.502,-5.254
"2026-03-19 20:11:00",3016,13.46,-6.541,-6.497,78.76,79.24,0,0,0,0,345.2,992.7098,0.096,-0.287,286.7,281.3,-6.519,-5.25
"2026-03-19 20:12:00",3017,13.46,-6.559,-6.484,78.74,79.12,0.003,0.227,0.051,0.686,254.1,992.7342,0.067,-0.278,286.7,282.2,-6.527,-5.249
"2026-03-19 20:13:00",3018,13.46,-6.575,-6.422,78.73,79.01,0.04,0.995,0.927,1.372,243.8,992.7607,0.034,-0.245,286.8,283.7,-6.53,-5.251
"2026-03-19 20:14:00",3019,13.46,-6.517,-6.312,78.77,78.66,0.438,1.15,0.978,1.372,243.8,992.7883,0.052,-0.13,286.9,284.9,-6.532,-5.252
"2026-03-19 20:15:00",3020,13.46,-6.479,-6.269,78.34,77.58,0.375,0.886,0.566,1.176,244,992.796,0.067,0,287,284.8,-6.526,-5.255
"2026-03-19 20:16:00",3021,13.46,-6.502,-6.347,78.26,77.48,0.327,0.785,0.566,0.98,244.1,992.785,0.086,-0.014,287,284,-6.532,-5.258
"2026-03-19 20:17:00",3022,13.46,-6.532,-6.429,78.39,77.86,0,0.099,0,0.49,244.1,992.7629,0.048,-0.072,287,283.2,-6.535,-5.267
"2026-03-19 20:18:00",3023,13.46,-6.541,-6.47,78.56,78.18,0,0,0,0,244.1,992.7407,0.095,-0.134,287,282.7,-6.536,-5.268
"2026-03-19 20:19:00",3024,13.46,-6.541,-6.5,78.76,78.45,0,0,0,0,244.1,992.7289,0.095,-0.139,287,282.5,-6.542,-5.263
"2026-03-19 20:20:00",3025,13.46,-6.539,-6.525,78.9,78.69,0,0,0,0,244.1,992.7167,0.124,-0.115,287.1,282.6,-6.548,-5.255
"2026-03-19 20:21:00",3026,13.46,-6.542,-6.547,78.93,78.79,0,0,0,0,244.1,992.7142,0.153,-0.134,287.1,282.7,-6.551,-5.249
"2026-03-19 20:22:00",3027,13.46,-6.547,-6.556,78.96,78.9,0,0,0,0,244.1,992.7037,0.148,-0.134,287.1,282.5,-6.55,-5.244
"2026-03-19 20:23:00",3028,13.46,-6.544,-6.561,78.98,79.04,0,0,0,0,244.1,992.677,0.167,-0.11,287.1,281.9,-6.548,-5.241
"2026-03-19 20:24:00",3029,13.46,-6.541,-6.561,79.02,79.14,0,0,0,0,244.1,992.6522,0.23,-0.086,286.9,280.5,-6.551,-5.235
"2026-03-19 20:25:00",3030,13.46,-6.532,-6.551,79.02,79.21,0,0,0,0,244.1,992.6282,0.259,-0.096,286.7,279.3,-6.553,-5.236
"2026-03-19 20:26:00",3031,13.46,-6.527,-6.544,79.07,79.26,0,0,0,0,244.1,992.6359,0.287,-0.124,286.6,279.4,-6.563,-5.238
"2026-03-19 20:27:00",3032,13.46,-6.522,-6.551,79.16,79.5,0.005,0.573,0.154,0.98,244.1,992.6589,0.24,-0.139,286.5,280.6,-6.565,-5.238
"2026-03-19 20:28:00",3033,13.46,-6.528,-6.569,79.37,79.73,0.43,1.178,0.824,1.372,244,992.7043,0.196,-0.144,286.7,282.5,-6.56,-5.242
"2026-03-19 20:29:00",3034,13.45,-6.538,-6.576,79.5,80,0.9,1.502,1.287,1.764,244,992.7351,0.182,-0.12,286.9,283.8,-6.554,-5.242
"2026-03-19 20:30:00",3035,13.46,-6.536,-6.582,79.71,80.1,0.904,1.668,1.287,1.764,244.1,992.741,0.148,-0.048,287,284.3,-6.545,-5.253
"2026-03-19 20:31:00",3036,13.46,-6.532,-6.583,79.84,79.76,0.588,1.375,1.081,1.666,244,992.7371,0.206,0.081,287.1,284.3,-6.542,-5.256
"2026-03-19 20:32:00",3037,13.46,-6.532,-6.57,79.87,79.7,0.304,1.129,0.463,1.274,244,992.7382,0.192,0.125,287.2,284.3,-6.54,-5.258
"2026-03-19 20:33:00",3038,13.46,-6.525,-6.567,79.96,79.97,0.336,1.212,0.566,1.372,244,992.7567,0.215,0.115,287.2,284.5,-6.535,-5.262
"2026-03-19 20:34:00",3039,13.46,-6.52,-6.556,80,80.1,0.565,1.423,0.824,1.568,244.1,992.7706,0.226,0.144,287.3,284.8,-6.528,-5.261
"2026-03-19 20:35:00",3040,13.46,-6.519,-6.546,80.2,80.5,0.75,1.567,1.184,1.764,247.4,992.7721,0.234,0.129,287.3,284.7,-6.519,-5.259
"2026-03-19 20:36:00",3041,13.46,-6.528,-6.55,80.4,81,0.851,1.809,1.287,2.058,247.6,992.7664,0.229,0.115,287.4,284.6,-6.506,-5.262
"2026-03-19 20:37:00",3042,13.45,-6.506,-6.52,80.6,81.2,0.527,1.619,0.927,1.96,241.6,992.7524,0.187,0.029,287.4,284.8,-6.496,-5.268
"2026-03-19 20:38:00",3043,13.45,-6.461,-6.468,80.7,81.1,0.854,1.828,1.338,2.156,241.7,992.7441,0.277,0.186,287.5,284.9,-6.478,-5.272
"2026-03-19 20:39:00",3044,13.46,-6.406,-6.395,80.7,81.4,1.201,2.173,1.596,2.352,242.8,992.7465,0.292,0.273,287.6,285.2,-6.457,-5.271
"2026-03-19 20:40:00",3045,13.46,-6.337,-6.316,80.7,81.1,1.424,2.215,1.802,2.352,242.9,992.7416,0.33,0.268,287.8,285.5,-6.429,-5.268
"2026-03-19 20:41:00",3046,13.45,-6.276,-6.247,80.7,80.8,1.012,1.946,1.39,2.156,243.5,992.7424,0.421,0.358,287.8,285.6,-6.405,-5.268
"2026-03-19 20:42:00",3047,13.46,-6.233,-6.198,80.6,80.4,0.814,1.681,1.287,1.862,244.7,992.7064,0.431,0.431,287.9,285.5,-6.381,-5.263
"2026-03-19 20:43:00",3048,13.46,-6.201,-6.166,80.4,80.3,0.7,1.524,1.236,1.666,254.6,992.6891,0.431,0.431,288,285.3,-6.355,-5.255
"2026-03-19 20:44:00",3049,13.46,-6.18,-6.157,80.3,80.2,0.433,1.41,0.721,1.568,257.9,992.6682,0.436,0.431,288,285.1,-6.336,-5.25
"2026-03-19 20:45:00",3050,13.46,-6.17,-6.163,80.2,80.2,0.365,1.314,0.566,1.568,258.4,992.6713,0.431,0.431,288.1,285.3,-6.32,-5.243
"2026-03-19 20:46:00",3051,13.46,-6.159,-6.173,80.3,80.4,0.162,1.047,0.412,1.47,262.2,992.6785,0.436,0.416,288.2,285.7,-6.301,-5.24
"2026-03-19 20:47:00",3052,13.46,-6.156,-6.191,80.3,80.7,0,0.778,0,0.98,273.8,992.6732,0.431,0.407,288.2,285.6,-6.297,-5.234
"2026-03-19 20:48:00",3053,13.46,-6.16,-6.21,80.5,81.1,0,0.459,0,0.686,273.8,992.6743,0.417,0.297,288.2,285.3,-6.292,-5.224
"2026-03-19 20:49:00",3054,13.46,-6.161,-6.228,80.6,81.5,0,0.206,0,0.49,273.9,992.6747,0.407,0.254,288.3,284.9,-6.281,-5.216
"2026-03-19 20:50:00",3055,13.46,-6.166,-6.241,80.8,81.8,0,0.26,0,0.392,274,992.6824,0.331,0.197,288.3,284.7,-6.278,-5.206
"2026-03-19 20:51:00",3056,13.46,-6.178,-6.265,80.9,82,0,0.341,0,0.49,279.9,992.7139,0.297,0.144,288.3,285,-6.274,-5.189
"2026-03-19 20:52:00",3057,13.46,-6.198,-6.297,81,82.2,0,0.198,0,0.392,279.5,992.7441,0.292,0.125,288.4,285.4,-6.27,-5.182
"2026-03-19 20:53:00",3058,13.46,-6.219,-6.321,81.1,82.4,0,0.026,0,0.392,279.3,992.751,0.287,0.101,288.4,285.6,-6.271,-5.172
"2026-03-19 20:54:00",3059,13.46,-6.228,-6.335,81.2,82.5,0,0,0,0,279.3,992.7606,0.287,0.01,288.5,285.5,-6.269,-5.163
"2026-03-19 20:55:00",3060,13.46,-6.23,-6.337,81.3,82.6,0,0,0,0,279.8,992.746,0.287,0.005,288.5,285.2,-6.269,-5.159
"2026-03-19 20:56:00",3061,13.46,-6.232,-6.343,81.4,83,0,0.291,0,0.98,24.83,992.7386,0.287,0,288.5,284.9,-6.271,-5.149
"2026-03-19 20:57:00",3062,13.46,-6.254,-6.368,81.6,83.4,0,0.959,0,1.078,55.24,992.7424,0.254,0,288.4,284.7,-6.268,-5.141
"2026-03-19 20:58:00",3063,13.45,-6.273,-6.39,81.8,83.8,0.11,0.937,0.36,1.078,67.31,992.7357,0.263,0,288.4,284.7,-6.266,-5.135
"2026-03-19 20:59:00",3064,13.46,-6.262,-6.377,82.1,84.1,0.054,0.617,0.309,0.882,67.49,992.7289,0.287,0.009,288.4,284.8,-6.254,-5.137
"2026-03-19 21:00:00",3065,13.46,-6.213,-6.331,82.3,84.2,0,0,0,0.098,67.48,992.7176,0.301,0.048,288.5,284.8,-6.252,-5.131
"2026-03-19 21:01:00",3066,13.46,-6.17,-6.287,82.4,84.1,0,0,0,0,67.47,992.7129,0.435,0.205,288.6,284.9,-6.24,-5.118
"2026-03-19 21:02:00",3067,13.46,-6.14,-6.252,82.4,84.1,0,0,0,0,67.47,992.7144,0.488,0.23,288.6,284.8,-6.229,-5.107
"2026-03-19 21:03:00",3068,13.46,-6.119,-6.224,82.4,84,0,0,0,0,67.47,992.7114,0.498,0.258,288.7,284.8,-6.219,-5.093
"2026-03-19 21:04:00",3069,13.46,-6.095,-6.192,82.4,84,0,0,0,0,67.46,992.7219,0.474,0.263,288.7,284.6,-6.22,-5.082
"2026-03-19 21:05:00",3070,13.46,-6.061,-6.151,82.4,83.9,0,0,0,0,67.36,992.7373,0.474,0.225,288.7,284.5,-6.212,-5.067
"2026-03-19 21:06:00",3071,13.46,-6.022,-6.106,82.4,83.8,0,0,0,0,67.35,992.7385,0.54,0.282,288.7,284.3,-6.201,-5.058
"2026-03-19 21:07:00",3072,13.46,-5.98,-6.066,82.4,83.8,0,0,0,0,67.35,992.7516,0.574,0.282,288.8,284.4,-6.185,-5.052
"2026-03-19 21:08:00",3073,13.46,-5.949,-6.032,82.3,83.6,0,0,0,0,67.02,992.7437,0.574,0.282,288.8,284.4,-6.17,-5.039
"2026-03-19 21:09:00",3074,13.46,-5.92,-6.012,82.2,83.4,0,0,0,0,67.02,992.726,0.574,0.292,288.9,284.4,-6.152,-5.027
"2026-03-19 21:10:00",3075,13.45,-5.903,-5.987,82.1,83.2,0,0,0,0,67.11,992.7161,0.574,0.311,288.8,284.4,-6.153,-5.021
"2026-03-19 21:11:00",3076,13.46,-5.878,-5.961,82,83.1,0,0,0,0,67.11,992.7256,0.574,0.321,288.9,284.6,-6.136,-5.01
"2026-03-19 21:12:00",3077,13.46,-5.851,-5.931,81.9,83,0,0,0,0,67.15,992.739,0.598,0.335,288.9,284.8,-6.132,-5.002
"2026-03-19 21:13:00",3078,13.47,-5.813,-5.892,81.9,82.8,0,0.042,0,0.49,67.5,992.741,0.584,0.301,289,284.8,-6.11,-4.995
"2026-03-19 21:14:00",3079,13.46,-5.776,-5.859,81.7,82.1,0,0.516,0,0.784,67.3,992.7408,0.703,0.426,289,284.5,-6.084,-4.984
"2026-03-19 21:15:00",3080,13.45,-5.748,-5.834,81.4,81.8,0,0.263,0,0.784,67.31,992.7307,0.708,0.44,289,284.3,-6.056,-4.973
"2026-03-19 21:16:00",3081,13.46,-5.705,-5.791,81.2,81.5,0,0,0,0,67.27,992.7098,0.861,0.574,289.2,284.5,-6.026,-4.971
"2026-03-19 21:17:00",3082,13.45,-5.661,-5.756,80.9,81.2,0,0.123,0,0.49,67.18,992.7025,0.861,0.574,289.2,284.6,-6.002,-4.961
"2026-03-19 21:18:00",3083,13.47,-5.626,-5.727,80.5,80.7,0.092,0.978,0.669,1.568,67.81,992.6964,0.842,0.565,289.2,284.4,-5.984,-4.954
"2026-03-19 21:19:00",3084,13.46,-5.61,-5.715,80.2,80.6,0.664,1.343,1.03,1.568,73.14,992.662,0.733,0.465,289.2,284.1,-5.954,-4.946
"2026-03-19 21:20:00",3085,13.46,-5.59,-5.691,80,80.6,0.073,0.182,0.566,0.98,73.14,992.6346,0.803,0.517,289.2,284,-5.929,-4.941
"2026-03-19 21:21:00",3086,13.46,-5.565,-5.663,79.95,80.6,0,0.398,0.051,0.98,73.14,992.6255,0.847,0.551,289.2,283.6,-5.907,-4.936
"2026-03-19 21:22:00",3087,13.46,-5.542,-5.644,79.89,80.3,0.243,1.05,0.618,1.372,71.07,992.6301,0.833,0.445,289.3,283.4,-5.885,-4.929
"2026-03-19 21:23:00",3088,13.46,-5.538,-5.644,79.69,79.99,0.004,0.384,0.103,0.98,68.57,992.6462,0.727,0.412,289.2,284,-5.87,-4.925
"2026-03-19 21:24:00",3089,13.46,-5.537,-5.639,79.6,80.1,0,0.198,0,0.686,68.7,992.6622,0.804,0.359,289.2,284.2,-5.858,-4.921
"2026-03-19 21:25:00",3090,13.45,-5.535,-5.634,79.62,80.1,0,0.152,0,0.49,68.69,992.6658,0.661,0.302,289.2,284.2,-5.853,-4.919
"2026-03-19 21:26:00",3091,13.45,-5.523,-5.616,79.63,80.1,0,0,0,0,68.64,992.663,0.713,0.297,289.3,284.1,-5.844,-4.916
"2026-03-19 21:27:00",3092,13.46,-5.507,-5.598,79.59,80.1,0,0.009,0,0.392,68.48,992.6493,0.637,0.278,289.2,283.6,-5.838,-4.912
"2026-03-19 21:28:00",3093,13.45,-5.488,-5.582,79.56,80.1,0,0.589,0,0.784,60.63,992.6367,0.598,0.264,289.2,282.9,-5.822,-4.906
"2026-03-19 21:29:00",3094,13.46,-5.482,-5.569,79.45,79.94,0,0.2,0,0.588,60.55,992.6252,0.574,0.23,289.2,282.7,-5.81,-4.903
"2026-03-19 21:30:00",3095,13.45,-5.471,-5.558,79.35,79.76,0,0,0,0,60.55,992.6174,0.603,0.278,289.1,282.4,-5.799,-4.9
"2026-03-19 21:31:00",3096,13.46,-5.452,-5.542,79.18,79.6,0,0,0,0,60.6,992.6036,0.646,0.245,289,282,-5.793,-4.901
"2026-03-19 21:32:00",3097,13.46,-5.433,-5.527,79.08,79.52,0,0,0,0,60.62,992.6057,0.622,0.144,289,281.7,-5.787,-4.901
"2026-03-19 21:33:00",3098,13.46,-5.407,-5.509,78.92,79.4,0,0,0,0,60.61,992.6011,0.694,0.167,288.9,281.1,-5.775,-4.9
"2026-03-19 21:34:00",3099,13.46,-5.388,-5.492,78.83,79.39,0,0,0,0,60.6,992.6021,0.694,0.168,288.7,280,-5.771,-4.9
"2026-03-19 21:35:00",3100,13.45,-5.373,-5.475,78.72,79.43,0,0,0,0,60.58,992.5933,0.661,0.129,288.5,279,-5.776,-4.897
"2026-03-19 21:36:00",3101,13.45,-5.376,-5.471,78.59,79.51,0,0,0,0,60.48,992.5886,0.656,0.082,288.3,278.4,-5.793,-4.899
"2026-03-19 21:37:00",3102,13.45,-5.432,-5.491,78.52,79.69,0,0.485,0,0.686,37.74,992.57,0.441,-0.143,288.1,278.6,-5.805,-4.899
"2026-03-19 21:38:00",3103,13.46,-5.513,-5.511,78.67,79.54,0.04,0.843,0.309,1.274,37.69,992.5666,0.312,-0.263,288,278.8,-5.826,-4.905
"2026-03-19 21:39:00",3104,13.46,-5.586,-5.537,78.95,79.2,0.001,1.311,0.051,1.568,37.78,992.5742,0.22,-0.363,288,279,-5.847,-4.912
"2026-03-19 21:40:00",3105,13.46,-5.634,-5.564,79.28,79.64,0,1.592,0,1.764,38.81,992.5623,0.191,-0.32,288.1,279.6,-5.858,-4.919
"2026-03-19 21:41:00",3106,13.45,-5.672,-5.599,79.63,79.91,0.37,1.402,0.875,1.568,23.81,992.561,0.249,-0.278,288.2,280.3,-5.862,-4.926
"2026-03-19 21:42:00",3107,13.46,-5.706,-5.65,79.95,80.7,0.611,1.641,1.133,2.058,19.19,992.5541,0.282,-0.23,288.2,280.4,-5.873,-4.932
"2026-03-19 21:43:00",3108,13.46,-5.765,-5.745,80.3,81.4,0.762,1.824,1.184,2.058,19.44,992.5364,0.244,-0.244,288.2,280.3,-5.886,-4.943
"2026-03-19 21:44:00",3109,13.45,-5.832,-5.831,80.7,82,0.545,1.677,0.927,1.96,21,992.5084,0.182,-0.287,288.2,280,-5.906,-4.955
"2026-03-19 21:45:00",3110,13.46,-5.879,-5.893,81,82.4,0.378,1.405,0.618,1.568,18.7,992.5035,0.11,-0.296,288.1,279.5,-5.922,-4.968
"2026-03-19 21:46:00",3111,13.46,-5.919,-5.945,81.3,82.7,0.123,1.245,0.36,1.47,18.29,992.517,0.095,-0.369,288,279.4,-5.936,-4.977
"2026-03-19 21:47:00",3112,13.46,-5.943,-5.948,81.5,82.7,0.007,0.871,0.206,1.078,18.28,992.5351,0.052,-0.416,288,280.1,-5.947,-4.981
"2026-03-19 21:48:00",3113,13.46,-5.955,-5.924,81.7,82.6,0,0.508,0,0.686,18.29,992.55,0.033,-0.335,288,281.3,-5.956,-4.984
"2026-03-19 21:49:00",3114,13.47,-5.951,-5.895,81.8,82.5,0,0.047,0,0.392,18.28,992.5475,0.068,-0.311,288.1,282.3,-5.966,-4.989
"2026-03-19 21:50:00",3115,13.46,-5.938,-5.861,81.8,82.2,0.182,0.838,1.03,1.47,348,992.5403,0.124,-0.287,288.1,281.9,-5.976,-4.987
"2026-03-19 21:51:00",3116,13.47,-5.947,-5.9,81.8,82.3,0.125,0.861,0.412,1.078,348.1,992.5269,0.201,-0.278,288.1,281.1,-5.985,-4.987
"2026-03-19 21:52:00",3117,13.46,-5.991,-5.975,81.7,82.6,0.02,0.847,0.206,0.98,348,992.5075,0.105,-0.287,288,280.5,-6.005,-4.992
"2026-03-19 21:53:00",3118,13.46,-6.053,-6.063,81.8,82.8,0.176,0.945,0.36,1.078,347.9,992.4984,0.015,-0.302,287.9,280.3,-6.023,-5
"2026-03-19 21:54:00",3119,13.45,-6.11,-6.145,81.9,83,0.123,0.826,0.309,1.078,345.9,992.4929,0,-0.401,287.8,280.6,-6.048,-5.008
"2026-03-19 21:55:00",3120,13.45,-6.157,-6.207,82,83.2,0,0.819,0,0.98,345.9,992.4742,0,-0.474,287.7,280.7,-6.069,-5.021
"2026-03-19 21:56:00",3121,13.46,-6.194,-6.257,82.1,83.4,0,0.862,0,0.98,346.1,992.4527,0,-0.526,287.6,280.2,-6.089,-5.029
"2026-03-19 21:57:00",3122,13.46,-6.224,-6.298,82.3,83.6,0,1.098,0,1.274,346.6,992.4375,0,-0.574,287.5,279.3,-6.112,-5.041
"2026-03-19 21:58:00",3123,13.46,-6.251,-6.309,82.4,83.7,0,1.161,0,1.274,346.6,992.4124,0,-0.574,287.4,278.6,-6.127,-5.05
"2026-03-19 21:59:00",3124,13.46,-6.261,-6.266,82.4,83.4,0,1.202,0,1.372,350.6,992.4106,0,-0.574,287.2,278.2,-6.148,-5.061
"2026-03-19 22:00:00",3125,13.45,-6.271,-6.248,82.5,83.1,0,1.263,0,1.372,352.1,992.4103,0,-0.555,287.2,278.3,-6.156,-5.066
"2026-03-19 22:01:00",3126,13.46,-6.273,-6.259,82.5,83.1,0,1.334,0,1.47,352.2,992.4034,0,-0.564,287.2,278.7,-6.174,-5.074
"2026-03-19 22:02:00",3127,13.46,-6.278,-6.26,82.6,83.1,0,1.308,0,1.372,352.3,992.4042,0,-0.512,287.2,279.4,-6.191,-5.077
"2026-03-19 22:03:00",3128,13.46,-6.28,-6.245,82.6,83.1,0,1.124,0,1.274,352.2,992.4057,0,-0.416,287.3,280.4,-6.198,-5.088
"2026-03-19 22:04:00",3129,13.46,-6.276,-6.209,82.6,82.9,0,0.98,0,1.078,352.2,992.4155,0.014,-0.335,287.4,281.3,-6.207,-5.09
"2026-03-19 22:05:00",3130,13.46,-6.27,-6.182,82.7,82.7,0,0.88,0,1.078,352.2,992.4185,0.053,-0.287,287.5,281.9,-6.214,-5.095
"2026-03-19 22:06:00",3131,13.46,-6.26,-6.161,82.6,82.6,0,0.601,0,0.784,352.2,992.4174,0.148,-0.287,287.6,282.3,-6.223,-5.095
"2026-03-19 22:07:00",3132,13.46,-6.255,-6.138,82.6,82.5,0,0.334,0,0.588,352.2,992.4109,0.144,-0.268,287.7,282.5,-6.226,-5.096
"2026-03-19 22:08:00",3133,13.46,-6.244,-6.121,82.6,82.5,0,0.274,0,0.49,352.2,992.398,0.144,-0.282,287.7,282.3,-6.229,-5.096
"2026-03-19 22:09:00",3134,13.46,-6.232,-6.104,82.6,82.4,0,0.196,0,0.49,352.2,992.3864,0.153,-0.268,287.7,282.3,-6.242,-5.096
"2026-03-19 22:10:00",3135,13.46,-6.213,-6.087,82.5,82.4,0,0.022,0,0.196,352.2,992.3629,0.158,-0.178,287.7,282.4,-6.239,-5.095
"2026-03-19 22:11:00",3136,13.46,-6.194,-6.063,82.5,82.4,0,0,0,0,352.2,992.3533,0.172,-0.148,287.7,282.2,-6.246,-5.096
"2026-03-19 22:12:00",3137,13.46,-6.176,-6.033,82.4,82.3,0,0,0,0,352.2,992.3331,0.192,-0.144,287.7,281.7,-6.249,-5.093
"2026-03-19 22:13:00",3138,13.46,-6.158,-6.004,82.4,82.2,0,0,0,0,352.2,992.324,0.267,-0.139,287.6,280.8,-6.253,-5.087
"2026-03-19 22:14:00",3139,13.46,-6.136,-5.979,82.4,82.1,0,0,0,0,352.2,992.3209,0.296,-0.091,287.4,279.6,-6.253,-5.088
"2026-03-19 22:15:00",3140,13.45,-6.107,-5.967,82.4,82.1,0,0,0,0,352.2,992.316,0.383,-0.057,287.2,278.3,-6.254,-5.087
"2026-03-19 22:16:00",3141,13.47,-6.082,-5.957,82.3,82,0,0,0,0,352.2,992.3267,0.435,-0.024,286.9,277,-6.268,-5.092
"2026-03-19 22:17:00",3142,13.46,-6.057,-5.948,82.3,82,0,0,0,0,352.2,992.3276,0.426,-0.115,286.6,276,-6.268,-5.094
"2026-03-19 22:18:00",3143,13.46,-6.03,-5.944,82.2,81.9,0,0,0,0,352.2,992.3267,0.445,-0.144,286.5,275.9,-6.268,-5.1
"2026-03-19 22:19:00",3144,13.46,-6.006,-5.94,82.1,81.9,0,0,0,0,352.1,992.3206,0.455,-0.12,286.4,276.3,-6.266,-5.108
"2026-03-19 22:20:00",3145,13.46,-5.991,-5.943,82,81.9,0,0,0,0,351.1,992.3165,0.44,-0.134,286.4,276.6,-6.269,-5.112
"2026-03-19 22:21:00",3146,13.46,-6.017,-5.947,81.9,81.9,0,0,0,0,312.5,992.2933,0.297,-0.243,286.4,276.5,-6.281,-5.114
"2026-03-19 22:22:00",3147,13.47,-6.003,-5.943,81.9,81.9,0,0,0,0,312.5,992.2534,0.258,-0.302,286.3,275.8,-6.281,-5.118
"2026-03-19 22:23:00",3148,13.46,-5.963,-5.924,81.9,81.9,0,0,0,0,312.5,992.2115,0.325,-0.211,286.1,274.2,-6.286,-5.124
"2026-03-19 22:24:00",3149,13.46,-5.94,-5.908,81.8,81.8,0,0,0,0,312.5,992.1736,0.388,-0.21,285.8,272.4,-6.294,-5.135
"2026-03-19 22:25:00",3150,13.46,-5.928,-5.9,81.6,81.7,0,0,0,0,312.5,992.1396,0.378,-0.358,285.5,271.5,-6.306,-5.146
"2026-03-19 22:26:00",3151,13.46,-5.936,-5.913,81.5,81.5,0.001,0.326,0.051,0.882,279.3,992.1219,0.297,-0.431,285.3,271.6,-6.33,-5.155
"2026-03-19 22:27:00",3152,13.46,-6.022,-6.002,81.4,81.7,0.001,0.9,0.051,1.078,276.9,992.1179,0.273,-0.54,285.3,272.6,-6.354,-5.166
"2026-03-19 22:28:00",3153,13.46,-6.114,-6.021,81.5,82.1,0,0.576,0,1.078,276.9,992.12,0.125,-0.612,285.4,274.5,-6.372,-5.176
"2026-03-19 22:29:00",3154,13.46,-6.144,-6.004,81.8,82,0,0.627,0,0.784,276.9,992.1169,0.08,-0.575,285.5,276.4,-6.38,-5.188
"2026-03-19 22:30:00",3155,13.47,-6.144,-5.986,81.9,82,0,0.538,0,0.882,276.9,992.121,0.264,-0.354,285.9,277.9,-6.381,-5.197
"2026-03-19 22:31:00",3156,13.46,-6.152,-5.955,82,81.9,0,0.53,0,0.686,276.9,992.1295,0.282,-0.287,286.1,278.9,-6.393,-5.203
"2026-03-19 22:32:00",3157,13.46,-6.191,-5.937,82,81.7,0,0.482,0,0.588,276.9,992.144,0.202,-0.296,286.2,279.8,-6.403,-5.214
"2026-03-19 22:33:00",3158,13.46,-6.231,-5.924,82.1,81.5,0,0.422,0,0.686,276.9,992.1568,0.144,-0.297,286.4,280.8,-6.406,-5.22
"2026-03-19 22:34:00",3159,13.46,-6.271,-5.98,82.2,81.6,0,0.574,0,0.784,276.9,992.1725,0.134,-0.259,286.6,281.5,-6.412,-5.221
"2026-03-19 22:35:00",3160,13.46,-6.311,-6.013,82.3,81.7,0,0.874,0,0.98,276.9,992.1821,0.124,-0.249,286.8,282.1,-6.421,-5.221
"2026-03-19 22:36:00",3161,13.45,-6.343,-6.028,82.5,81.9,0,1.013,0,1.176,277,992.1913,0.139,-0.154,286.9,282.6,-6.426,-5.221
"2026-03-19 22:37:00",3162,13.45,-6.378,-6.067,82.6,81.8,0,1.246,0,1.372,287,992.1997,0.129,-0.144,287.1,282.9,-6.433,-5.222
"2026-03-19 22:38:00",3163,13.46,-6.417,-6.184,82.8,82.3,0,1.359,0,1.568,287.1,992.2053,0.115,-0.144,287.2,283.1,-6.441,-5.221
"2026-03-19 22:39:00",3164,13.46,-6.455,-6.298,82.9,82.8,0,1.565,0,1.862,290.7,992.1874,0.101,-0.148,287.2,283,-6.439,-5.223
"2026-03-19 22:40:00",3165,13.46,-6.48,-6.386,83.1,83.3,0.386,1.437,0.978,1.666,291.7,992.1723,0.134,-0.144,287.3,282.8,-6.44,-5.227
"2026-03-19 22:41:00",3166,13.46,-6.497,-6.447,83.3,83.6,0.237,1.021,0.566,1.372,291.7,992.142,0.134,-0.144,287.3,282.4,-6.447,-5.229
"2026-03-19 22:42:00",3167,13.46,-6.51,-6.493,83.5,83.9,0,0.76,0,0.98,291.7,992.1263,0.134,-0.144,287.2,281.9,-6.454,-5.233
"2026-03-19 22:43:00",3168,13.46,-6.514,-6.529,83.6,84.1,0,0.812,0,0.98,291.6,992.1251,0.144,-0.144,287.2,281.5,-6.46,-5.233
"2026-03-19 22:44:00",3169,13.46,-6.524,-6.55,83.7,84.4,0.006,1.053,0.206,1.274,291.4,992.1176,0.144,-0.144,287.1,281.4,-6.464,-5.235
"2026-03-19 22:45:00",3170,13.45,-6.524,-6.559,83.8,84.6,0,1.093,0,1.274,291.2,992.1191,0.144,-0.144,287.1,281.4,-6.467,-5.238
"2026-03-19 22:46:00",3171,13.46,-6.522,-6.574,83.9,84.7,0.138,1.222,0.669,1.47,275.3,992.1163,0.144,-0.144,287.1,281.2,-6.474,-5.239
"2026-03-19 22:47:00",3172,13.46,-6.528,-6.577,84.1,85,0.524,1.396,1.184,1.568,280.7,992.1165,0.144,-0.144,287,281.3,-6.477,-5.245
"2026-03-19 22:48:00",3173,13.46,-6.502,-6.496,84.3,85.2,0.4,1.37,0.669,1.47,284.6,992.1011,0.144,-0.144,287.1,281.2,-6.471,-5.253
"2026-03-19 22:49:00",3174,13.46,-6.45,-6.397,84.3,85.1,0.223,0.916,0.515,1.372,281.3,992.0773,0.22,-0.101,287.1,280.6,-6.461,-5.256
"2026-03-19 22:50:00",3175,13.47,-6.424,-6.411,84.3,84.6,0,0.778,0,1.078,273.9,992.0604,0.363,0.048,287,279.8,-6.462,-5.257
"2026-03-19 22:51:00",3176,13.46,-6.448,-6.459,84.3,84.6,0,0.934,0,1.176,274.7,992.051,0.287,-0.119,286.8,279.5,-6.471,-5.258
"2026-03-19 22:52:00",3177,13.46,-6.444,-6.438,84.3,84.9,0,1.101,0,1.176,280.4,992.0463,0.215,-0.144,286.8,279.1,-6.474,-5.26
"2026-03-19 22:53:00",3178,13.46,-6.424,-6.44,84.3,84.8,0,0.97,0,1.274,280.3,992.0494,0.292,-0.144,286.7,278.8,-6.478,-5.262
"2026-03-19 22:54:00",3179,13.45,-6.444,-6.451,84.3,84.9,0,1.188,0,1.372,280.5,992.0588,0.278,-0.144,286.6,278.7,-6.488,-5.267
"2026-03-19 22:55:00",3180,13.46,-6.448,-6.45,84.3,84.9,0,1.14,0,1.274,280.3,992.0545,0.244,-0.144,286.6,278.3,-6.491,-5.274
"2026-03-19 22:56:00",3181,13.46,-6.465,-6.484,84.2,84.8,0,1.141,0,1.274,280.2,992.0594,0.258,-0.158,286.5,277.6,-6.496,-5.279
"2026-03-19 22:57:00",3182,13.46,-6.493,-6.531,84.3,85,0,1.175,0,1.372,280.4,992.0632,0.235,-0.253,286.3,277,-6.505,-5.281
"2026-03-19 22:58:00",3183,13.46,-6.517,-6.545,84.3,85.2,0,1.16,0,1.274,280.5,992.0693,0.167,-0.302,286.3,276.7,-6.511,-5.294
"2026-03-19 22:59:00",3184,13.45,-6.518,-6.545,84.4,85.4,0,1.301,0.051,1.47,290,992.0762,0.168,-0.321,286.2,276.3,-6.518,-5.303
"2026-03-19 23:00:00",3185,13.45,-6.521,-6.517,84.5,85.5,0.027,1.304,0.257,1.47,289.6,992.0719,0.167,-0.354,286.1,275.7,-6.532,-5.306
"2026-03-19 23:01:00",3186,13.46,-6.521,-6.517,84.6,85.4,0.004,1.153,0.154,1.274,283.1,992.0701,0.191,-0.359,285.9,274.7,-6.538,-5.311
"2026-03-19 23:02:00",3187,13.46,-6.527,-6.545,84.6,85.4,0,1.117,0,1.274,283.1,992.0613,0.254,-0.388,285.7,273.8,-6.545,-5.321
"2026-03-19 23:03:00",3188,13.46,-6.541,-6.568,84.7,85.6,0,1.115,0,1.176,283.3,992.0571,0.235,-0.426,285.5,273.4,-6.554,-5.332
"2026-03-19 23:04:00",3189,13.46,-6.541,-6.559,84.8,85.7,0,1.105,0,1.274,296.9,992.0494,0.23,-0.431,285.5,273.5,-6.56,-5.334
"2026-03-19 23:05:00",3190,13.46,-6.532,-6.524,84.8,85.8,0,1.006,0,1.274,295.6,992.0404,0.263,-0.426,285.5,274.5,-6.57,-5.34
"2026-03-19 23:06:00",3191,13.46,-6.501,-6.48,84.9,85.9,0,1.017,0,1.47,292.4,992.0525,0.259,-0.402,285.6,275.8,-6.569,-5.347
"2026-03-19 23:07:00",3192,13.45,-6.468,-6.472,85,85.8,0,0.69,0,1.372,297.5,992.0626,0.297,-0.282,285.9,277,-6.555,-5.347
"2026-03-19 23:08:00",3193,13.46,-6.454,-6.481,84.9,85.6,0,0.478,0,0.784,297.6,992.0655,0.339,-0.163,286,277.8,-6.555,-5.347
"2026-03-19 23:09:00",3194,13.45,-6.453,-6.486,84.9,85.7,0,0.282,0,0.686,297.7,992.0575,0.292,-0.206,286.1,278.4,-6.555,-5.341
"2026-03-19 23:10:00",3195,13.46,-6.436,-6.471,85,85.7,0,0.22,0,0.588,297.8,992.0538,0.297,-0.163,286.1,278.6,-6.554,-5.339
"2026-03-19 23:11:00",3196,13.46,-6.414,-6.453,84.9,85.7,0,0,0,0,297.8,992.0607,0.292,-0.135,286.2,278.7,-6.556,-5.334
"2026-03-19 23:12:00",3197,13.45,-6.396,-6.436,84.9,85.6,0,0,0,0,297.8,992.0588,0.301,-0.039,286.2,278.7,-6.556,-5.333
"2026-03-19 23:13:00",3198,13.46,-6.377,-6.42,84.9,85.5,0,0,0,0,297.8,992.062,0.302,-0.052,286.2,278.7,-6.552,-5.325
"2026-03-19 23:14:00",3199,13.46,-6.355,-6.403,84.9,85.4,0,0,0,0,297.8,992.0531,0.335,-0.014,286.3,278.7,-6.543,-5.321
"2026-03-19 23:15:00",3200,13.46,-6.331,-6.386,84.8,85.2,0,0,0,0,297.8,992.0475,0.507,0,286.4,278.5,-6.536,-5.311
"2026-03-19 23:16:00",3201,13.46,-6.309,-6.373,84.7,85.1,0,0,0,0,297.8,992.0477,0.536,0,286.4,278.2,-6.535,-5.304
"2026-03-19 23:17:00",3202,13.45,-6.294,-6.362,84.6,85,0,0,0,0,297.8,992.0495,0.546,0.005,286.3,277.9,-6.535,-5.297
"2026-03-19 23:18:00",3203,13.46,-6.277,-6.347,84.5,84.8,0,0,0,0,297.8,992.0363,0.517,-0.005,286.3,277.6,-6.536,-5.284
"2026-03-19 23:19:00",3204,13.46,-6.265,-6.338,84.4,84.7,0,0,0,0,297.8,992.0336,0.497,-0.009,286.2,277.4,-6.536,-5.279
"2026-03-19 23:20:00",3205,13.46,-6.254,-6.33,84.3,84.6,0,0,0,0,297.8,992.0283,0.498,-0.019,286.2,277.4,-6.538,-5.275
"2026-03-19 23:21:00",3206,13.46,-6.245,-6.317,84.2,84.4,0,0,0,0,298.1,992.0264,0.44,-0.053,286.2,277.8,-6.536,-5.27
"2026-03-19 23:22:00",3207,13.46,-6.241,-6.307,84,84.3,0,0,0,0,313.4,992.0115,0.431,-0.11,286.3,278.6,-6.539,-5.262
"2026-03-19 23:23:00",3208,13.46,-6.231,-6.295,83.9,84,0,0,0,0,313.8,992.0037,0.436,-0.024,286.5,279.4,-6.537,-5.255
"2026-03-19 23:24:00",3209,13.46,-6.22,-6.284,83.8,83.8,0,0.021,0,0.294,350.2,992.0016,0.497,0.047,286.7,280.2,-6.525,-5.252
"2026-03-19 23:25:00",3210,13.46,-6.21,-6.276,83.6,83.5,0,0,0,0,350.2,991.998,0.546,0.144,286.9,281,-6.509,-5.245
"2026-03-19 23:26:00",3211,13.46,-6.206,-6.274,83.5,83.2,0,0,0,0,350.2,991.9928,0.57,0.176,287,281.7,-6.507,-5.235
"2026-03-19 23:27:00",3212,13.46,-6.204,-6.274,83.4,83.1,0,0,0,0,350.2,992.0009,0.574,0.206,287.2,282.4,-6.504,-5.224
"2026-03-19 23:28:00",3213,13.46,-6.206,-6.269,83.3,83,0,0.065,0,0.392,350.2,991.9982,0.564,0.262,287.3,283,-6.499,-5.215
"2026-03-19 23:29:00",3214,13.46,-6.205,-6.267,83.2,82.9,0,0.147,0,0.392,350.2,992.0009,0.57,0.282,287.5,283.5,-6.491,-5.204
"2026-03-19 23:30:00",3215,13.46,-6.198,-6.262,83.1,82.9,0,0.023,0,0.196,350.2,991.9881,0.57,0.296,287.6,283.8,-6.483,-5.188
"2026-03-19 23:31:00",3216,13.46,-6.196,-6.259,83,82.8,0,0.041,0,0.294,350.2,991.9767,0.574,0.317,287.8,284,-6.475,-5.181
"2026-03-19 23:32:00",3217,13.46,-6.19,-6.262,82.9,82.8,0,0.126,0,0.392,350.2,991.9723,0.574,0.33,287.8,284.1,-6.465,-5.172
"2026-03-19 23:33:00",3218,13.46,-6.191,-6.265,82.9,82.8,0,0.067,0,0.392,350.2,991.9666,0.574,0.301,287.9,284.2,-6.455,-5.162
"2026-03-19 23:34:00",3219,13.46,-6.184,-6.263,82.9,82.8,0,0.044,0,0.392,350.2,991.9629,0.574,0.321,288,284.4,-6.446,-5.156
"2026-03-19 23:35:00",3220,13.46,-6.184,-6.262,82.8,82.8,0,0.007,0,0.196,350.2,991.9573,0.574,0.411,288.1,284.5,-6.431,-5.15
"2026-03-19 23:36:00",3221,13.46,-6.177,-6.262,82.8,82.8,0,0.021,0,0.294,350.2,991.9479,0.574,0.421,288.1,284.6,-6.434,-5.14
"2026-03-19 23:37:00",3222,13.46,-6.176,-6.269,82.8,82.9,0,0.145,0,0.392,350.3,991.9338,0.574,0.388,288.2,284.6,-6.427,-5.138
"2026-03-19 23:38:00",3223,13.46,-6.181,-6.278,82.8,82.9,0,0.227,0,0.392,350.3,991.9369,0.555,0.363,288.2,284.7,-6.413,-5.129
"2026-03-19 23:39:00",3224,13.46,-6.191,-6.291,82.8,83.1,0,0.031,0,0.392,350.3,991.9323,0.55,0.412,288.3,284.8,-6.4,-5.123
"2026-03-19 23:40:00",3225,13.46,-6.195,-6.3,82.8,83.2,0,0,0,0,350.3,991.9257,0.565,0.397,288.3,284.7,-6.399,-5.122
"2026-03-19 23:41:00",3226,13.46,-6.195,-6.311,82.8,83.3,0,0.002,0,0.098,350.3,991.9121,0.521,0.34,288.3,284.7,-6.391,-5.114
"2026-03-19 23:42:00",3227,13.47,-6.205,-6.326,82.8,83.5,0,0,0,0,350.3,991.8998,0.531,0.307,288.3,284.7,-6.373,-5.115
"2026-03-19 23:43:00",3228,13.46,-6.214,-6.337,82.9,83.7,0,0,0,0,350.3,991.9067,0.512,0.296,288.3,284.5,-6.366,-5.109
"2026-03-19 23:44:00",3229,13.46,-6.221,-6.347,83,83.9,0,0.581,0,1.176,23.95,991.8746,0.474,0.254,288.3,284.5,-6.358,-5.107
"2026-03-19 23:45:00",3230,13.46,-6.228,-6.355,83.1,84,0,0.942,0,1.274,29.39,991.8641,0.431,0.248,288.3,284.3,-6.348,-5.106
"2026-03-19 23:46:00",3231,13.46,-6.232,-6.363,83.2,84.2,0,0.936,0,1.176,30.45,991.8475,0.464,0.268,288.4,284.2,-6.334,-5.107
"2026-03-19 23:47:00",3232,13.46,-6.238,-6.369,83.3,84.4,0,0.959,0,1.176,30.47,991.8364,0.441,0.206,288.3,284.1,-6.331,-5.107
"2026-03-19 23:48:00",3233,13.46,-6.244,-6.373,83.5,84.5,0,1.005,0,1.176,33.43,991.8235,0.426,0.186,288.3,283.9,-6.32,-5.106
"2026-03-19 23:49:00",3234,13.46,-6.249,-6.375,83.6,84.6,0,1.119,0,1.274,35.71,991.8207,0.431,0.154,288.3,283.8,-6.31,-5.105
"2026-03-19 23:50:00",3235,13.46,-6.254,-6.377,83.7,84.8,0,1.145,0,1.372,39.08,991.8046,0.431,0.144,288.4,283.9,-6.298,-5.108
"2026-03-19 23:51:00",3236,13.46,-6.253,-6.373,83.9,84.9,0,1.083,0,1.274,43.18,991.8001,0.412,0.144,288.4,283.9,-6.294,-5.108
"2026-03-19 23:52:00",3237,13.45,-6.242,-6.353,84.1,85,0,1.108,0,1.274,43.21,991.7875,0.392,0.144,288.4,284,-6.285,-5.107
"2026-03-19 23:53:00",3238,13.46,-6.218,-6.32,84.2,85,0,0.686,0,0.98,43.19,991.7772,0.436,0.181,288.5,284.2,-6.268,-5.107
"2026-03-19 23:54:00",3239,13.46,-6.191,-6.293,84.2,84.9,0,0.793,0,0.882,43.15,991.7604,0.506,0.273,288.6,284.3,-6.257,-5.099
"2026-03-19 23:55:00",3240,13.46,-6.17,-6.263,84.2,84.8,0,0.845,0,0.98,42.88,991.764,0.483,0.263,288.5,284.3,-6.261,-5.095
"2026-03-19 23:56:00",3241,13.46,-6.154,-6.223,84.1,84.6,0,0.827,0,0.98,42.8,991.747,0.474,0.254,288.6,284.4,-6.242,-5.084
"2026-03-19 23:57:00",3242,13.46,-6.139,-6.167,84.1,84.4,0,0.756,0,0.882,42.49,991.7321,0.431,0.206,288.7,284.5,-6.226,-5.082
"2026-03-19 23:58:00",3243,13.46,-6.12,-6.104,84.1,84.1,0,0.792,0,0.882,42.4,991.7084,0.455,0.23,288.7,284.4,-6.218,-5.078
"2026-03-19 23:59:00",3244,13.46,-6.098,-6.068,84,83.9,0,0.823,0,0.98,42.22,991.6904,0.469,0.259,288.7,284.4,-6.209,-5.075
"2026-03-20 00:00:00",3245,13.46,-6.079,-6.051,84,83.8,0,0.808,0,0.98,42.14,991.667,0.507,0.277,288.7,284.2,-6.205,-5.067
