"TOA5","1481","CR3000","1481","CR3000.Std.32.06","CPU:AWS_MaggieMay.CR3","1996","Res_data_1_min"
"TIMESTAMP","RECORD","BattV","temperature_1","temperature_2","rel_humidity_1","rel_humidity_2","wind_speed_1","wind_speed_2","gust_speed_1","gust_speed_2","wind_direction","air_pressure","SWup","SWdown","LWup","LWdown","CNR1_T_degC","ground_temperature"
"TS","RN","Volts","degC","degC","%","%","m/s","m/s","m/s","m/s","deg","hPa","W/m^2","W/m^2","W/m^2","W/m^2","degC","degC"
"","","Min","Avg","Avg","Smp","Smp","Avg","Avg","Max","Max","Smp","Avg","Avg","Avg","Avg","Avg","Avg","Avg"
"2026-03-18 00:01:00",366,13.35,-5.688,-5.317,79.52,77.82,1.887,2.373,2.317,2.94,279.1,1010.917,0.005,0,288.2,285.3,-5.776,-5.644
"2026-03-18 00:02:00",367,13.37,-5.574,-4.92,79.29,75.19,2.155,2.193,2.317,2.352,284.6,1010.891,0.033,0,288.3,285.5,-5.744,-5.606
"2026-03-18 00:03:00",368,13.45,-5.379,-4.636,78.3,73.43,1.901,2.308,2.214,2.45,286.3,1010.887,0.272,0.258,288.4,285.2,-5.714,-5.574
"2026-03-18 00:04:00",369,13.45,-5.332,-4.528,77.65,72.68,1.697,2.48,2.111,2.646,288.4,1010.884,0.297,0.287,288.4,284.8,-5.703,-5.562
"2026-03-18 00:05:00",370,13.45,-5.377,-4.755,77.71,74.44,1.306,2.163,1.699,2.45,293.5,1010.898,0.287,0.287,288.3,284.3,-5.703,-5.569
"2026-03-18 00:06:00",371,13.45,-5.449,-5.011,78.06,76.11,1.11,1.818,1.493,2.156,296.1,1010.898,0.282,0.144,288.3,284.3,-5.703,-5.587
"2026-03-18 00:07:00",372,13.36,-5.5,-5.17,78.32,76.78,1.259,2.03,1.544,2.352,287.8,1010.888,0.172,0.029,288.3,284.6,-5.697,-5.592
"2026-03-18 00:08:00",373,13.45,-5.513,-5.257,78.41,77.23,1.38,2.184,1.596,2.45,278.6,1010.865,0.244,0.076,288.3,284.7,-5.684,-5.588
"2026-03-18 00:09:00",374,13.37,-5.508,-5.266,78.45,77.27,1.757,2.581,2.162,2.842,281.3,1010.84,0.273,0.177,288.3,284.7,-5.679,-5.579
"2026-03-18 00:10:00",375,13.45,-5.495,-5.198,78.39,76.54,2.005,2.792,2.265,2.94,282.4,1010.817,0.282,0.174,288.4,284.8,-5.674,-5.569
"2026-03-18 00:11:00",376,13.45,-5.503,-5.195,78.41,76.64,1.683,2.477,2.008,2.744,276.1,1010.824,0.259,0.168,288.4,284.7,-5.676,-5.573
"2026-03-18 00:12:00",377,13.36,-5.532,-5.264,78.6,77.26,0.939,1.935,1.544,2.254,275.2,1010.832,0.163,0.024,288.3,284.5,-5.681,-5.577
"2026-03-18 00:13:00",378,13.45,-5.567,-5.318,78.83,77.74,1.034,1.792,1.287,1.96,272.5,1010.837,0.102,0,288.2,284.3,-5.693,-5.584
"2026-03-18 00:14:00",379,13.45,-5.563,-5.205,78.9,77.5,0.576,1.599,1.133,1.764,273.5,1010.829,0.024,0,288.2,284,-5.691,-5.587
"2026-03-18 00:15:00",380,13.45,-5.548,-5.066,78.93,76.47,0.326,1.585,0.824,1.764,273.6,1010.826,0.076,0,288.1,283.7,-5.696,-5.59
"2026-03-18 00:16:00",381,13.45,-5.547,-5.08,79.04,76.66,0.882,1.627,1.544,1.862,298.7,1010.782,0.148,0.005,288.1,283.7,-5.696,-5.598
"2026-03-18 00:17:00",382,13.45,-5.559,-5.193,79.09,77.5,1.097,1.651,1.39,1.96,299.4,1010.764,0.057,-0.019,288.1,283.5,-5.692,-5.607
"2026-03-18 00:18:00",383,13.45,-5.583,-5.331,79.26,78.79,1.337,2.006,1.699,2.352,291.9,1010.74,0.115,0.005,288,283.5,-5.707,-5.622
"2026-03-18 00:19:00",384,13.45,-5.595,-5.124,79.49,77.89,1.365,2.021,1.699,2.45,285.7,1010.736,0.005,-0.139,288.1,284.2,-5.709,-5.631
"2026-03-18 00:20:00",385,13.45,-5.563,-4.883,79.5,76.65,1.039,1.818,1.338,2.058,290.1,1010.736,0,0,288.1,284.2,-5.708,-5.622
"2026-03-18 00:21:00",386,13.45,-5.536,-4.645,79.79,75.56,0.875,1.637,1.39,1.862,294.8,1010.734,0,0,288.1,284.4,-5.709,-5.61
"2026-03-18 00:22:00",387,13.45,-5.306,-4.347,79.75,73.61,1.232,1.617,1.441,1.764,294.9,1010.732,0,-0.086,288.2,284.7,-5.677,-5.576
"2026-03-18 00:23:00",388,13.36,-4.994,-4.214,78.26,72.57,0.646,1.609,1.184,1.764,290.8,1010.727,0.424,0.381,288.4,284.6,-5.64,-5.52
"2026-03-18 00:24:00",389,13.45,-4.994,-4.255,77.45,73.14,0.202,1.515,1.081,1.666,293.8,1010.72,0.46,0.422,288.3,284.4,-5.644,-5.514
"2026-03-18 00:25:00",390,13.42,-5.03,-4.318,77.53,73.66,0.972,1.434,1.133,1.666,294.6,1010.705,0.287,0.239,288.4,284.5,-5.627,-5.518
"2026-03-18 00:26:00",391,13.45,-4.991,-4.255,77.43,73.55,0.637,1.516,0.927,1.666,294.5,1010.698,0.349,0.292,288.4,284.9,-5.604,-5.499
"2026-03-18 00:27:00",392,13.45,-4.955,-4.035,77.32,72.49,0.676,1.419,1.03,1.666,281.9,1010.698,0.374,0.296,288.4,285.1,-5.606,-5.497
"2026-03-18 00:28:00",393,13.45,-4.843,-3.824,77.55,71.64,0.684,1.15,1.133,1.47,263.5,1010.696,0.159,0.087,288.4,285.4,-5.606,-5.498
"2026-03-18 00:29:00",394,13.44,-4.625,-3.671,76.64,70.92,0.033,1.015,0.206,1.176,263.5,1010.693,0.248,0.248,288.5,285.2,-5.59,-5.49
"2026-03-18 00:30:00",395,13.45,-4.575,-3.591,76,70.19,0,0.71,0,0.98,266.6,1010.699,0.373,0.325,288.5,285.1,-5.575,-5.471
"2026-03-18 00:31:00",396,13.45,-4.621,-3.684,75.83,70.77,0,0.141,0,0.588,293.3,1010.722,0.407,0.402,288.4,284.3,-5.57,-5.472
"2026-03-18 00:32:00",397,13.45,-4.706,-3.905,76.1,72.07,0,0.632,0,0.98,293.3,1010.734,0.287,0.268,288.4,284.3,-5.57,-5.471
"2026-03-18 00:33:00",398,13.44,-4.755,-4.044,76.26,72.52,0,0.018,0,0.294,293.3,1010.736,0.382,0.292,288.4,284.3,-5.555,-5.454
"2026-03-18 00:34:00",399,13.45,-4.793,-4.184,76.41,73.24,0,0.002,0,0.098,293.3,1010.728,0.508,0.345,288.4,284.4,-5.539,-5.436
"2026-03-18 00:35:00",400,13.36,-4.817,-4.29,76.44,73.91,0,0.175,0,0.588,293.3,1010.714,0.53,0.345,288.5,284.5,-5.524,-5.412
"2026-03-18 00:36:00",401,13.45,-4.858,-4.345,76.53,74.2,0,0.443,0,0.686,293.2,1010.695,0.565,0.379,288.4,284.6,-5.523,-5.413
"2026-03-18 00:37:00",402,13.45,-4.891,-4.283,76.81,74.32,0,0.463,0,0.784,290.6,1010.687,0.502,0.321,288.4,284.8,-5.523,-5.423
"2026-03-18 00:38:00",403,13.45,-4.845,-4.135,76.91,73.33,0,0.503,0,0.686,290.7,1010.679,0.269,0.173,288.3,284.8,-5.527,-5.441
"2026-03-18 00:39:00",404,13.45,-4.805,-4.142,76.69,73.15,0,0.592,0,0.784,290.7,1010.677,0.305,0.238,288.4,284.6,-5.506,-5.449
"2026-03-18 00:40:00",405,13.37,-4.842,-4.279,76.64,74,0,0.488,0,0.784,290.9,1010.677,0.378,0.287,288.3,284.3,-5.502,-5.46
"2026-03-18 00:41:00",406,13.45,-4.919,-4.431,76.89,74.93,0,0.549,0,0.686,290.9,1010.66,0.302,0.235,288.2,284.2,-5.52,-5.476
"2026-03-18 00:42:00",407,13.45,-4.992,-4.512,77.22,75.54,0,0.17,0,0.392,290.9,1010.659,0.192,0.015,288.2,284.5,-5.517,-5.493
"2026-03-18 00:43:00",408,13.45,-5.021,-4.469,77.48,75.46,0,0,0,0,290.9,1010.653,0.239,0.01,288.1,284.4,-5.526,-5.493
"2026-03-18 00:44:00",409,13.45,-5.025,-4.398,77.6,75.07,0,0,0,0,290.9,1010.655,0.116,0,288,284.2,-5.539,-5.499
"2026-03-18 00:45:00",410,13.45,-5.028,-4.349,77.7,75.03,0,0,0,0,290.9,1010.65,0.009,0,288,284.4,-5.551,-5.504
"2026-03-18 00:46:00",411,13.45,-5.016,-4.259,77.79,74.71,0,0,0,0,290.9,1010.633,0.153,0,288,284.6,-5.557,-5.506
"2026-03-18 00:47:00",412,13.45,-4.974,-4.15,77.94,74.06,0,0,0,0,290.9,1010.609,0.205,0.01,288,284.7,-5.555,-5.51
"2026-03-18 00:48:00",413,13.45,-4.873,-4.069,77.91,73.45,0,0.003,0,0.098,290.9,1010.591,0.287,0.111,287.9,284.5,-5.548,-5.517
"2026-03-18 00:49:00",414,13.45,-4.747,-4.056,77.5,73.28,0,0.56,0,0.98,290.8,1010.566,0.287,0.277,288,284.1,-5.527,-5.533
"2026-03-18 00:50:00",415,13.45,-4.686,-4.118,77.02,73.56,0,1.005,0,1.176,290.9,1010.536,0.344,0.296,288,283.7,-5.498,-5.535
"2026-03-18 00:51:00",416,13.37,-4.706,-4.145,76.89,73.67,0.006,1.142,0.206,1.274,290.4,1010.523,0.508,0.46,288.1,284,-5.498,-5.533
"2026-03-18 00:52:00",417,13.45,-4.725,-4.071,76.96,73.09,0.085,1.245,0.36,1.47,289.5,1010.51,0.287,0.287,288.1,284.3,-5.504,-5.554
"2026-03-18 00:53:00",418,13.45,-4.684,-4.026,76.76,72.69,0.193,1.331,0.515,1.47,290.8,1010.511,0.268,0.173,288.2,284.4,-5.504,-5.543
"2026-03-18 00:54:00",419,13.45,-4.667,-4.045,76.55,72.9,0.043,1.294,0.206,1.372,303.2,1010.521,0.244,0.134,288.2,284.1,-5.505,-5.516
"2026-03-18 00:55:00",420,13.45,-4.724,-4.057,76.68,72.93,0.065,1.348,0.257,1.47,320.6,1010.531,0.253,0.038,288.4,284,-5.49,-5.485
"2026-03-18 00:56:00",421,13.45,-4.779,-4.054,76.93,73.02,0.036,1.255,0.257,1.372,324.4,1010.527,0.254,0.162,288.4,283.9,-5.487,-5.461
"2026-03-18 00:57:00",422,13.45,-4.801,-4.074,77.2,73.41,0.112,1.268,0.309,1.47,328.1,1010.513,0.205,0.095,288.4,283.6,-5.489,-5.436
"2026-03-18 00:58:00",423,13.45,-4.765,-4.044,77.15,72.89,0.079,1.252,0.309,1.372,326,1010.464,0.268,0.229,288.4,283.5,-5.473,-5.408
"2026-03-18 00:59:00",424,13.45,-4.693,-3.957,77.07,72.51,0.121,1.12,0.309,1.274,307.5,1010.435,0.321,0.268,288.4,283.7,-5.46,-5.4
"2026-03-18 01:00:00",425,13.45,-4.521,-3.836,76.5,72.26,0.014,0.977,0.257,1.176,292.5,1010.436,0.335,0.282,288.3,283.9,-5.456,-5.407
"2026-03-18 01:01:00",426,13.45,-4.342,-3.714,75.85,71.62,0.003,0.624,0.051,0.882,292.3,1010.436,0.32,0.287,288.2,283.8,-5.453,-5.422
"2026-03-18 01:02:00",427,13.45,-4.197,-3.642,75.2,71.51,0.001,0.822,0.051,1.078,267,1010.431,0.373,0.296,288.2,283.6,-5.441,-5.435
"2026-03-18 01:03:00",428,13.45,-4.131,-3.55,74.64,71.19,0.011,1.115,0.154,1.274,267.1,1010.422,0.559,0.564,288.1,283.4,-5.416,-5.439
"2026-03-18 01:04:00",429,13.45,-4.128,-3.458,74.33,70.87,0.005,0.998,0.154,1.176,267.2,1010.418,0.594,0.589,288,282.5,-5.419,-5.433
"2026-03-18 01:05:00",430,13.36,-4.166,-3.404,74.2,70.32,0,0.897,0,0.98,268.5,1010.414,0.518,0.398,287.8,280.5,-5.423,-5.443
"2026-03-18 01:06:00",431,13.45,-4.242,-3.424,74.44,70.33,0.005,0.921,0.206,1.078,287.4,1010.396,0.272,0.115,287.4,278.6,-5.436,-5.461
"2026-03-18 01:07:00",432,13.45,-4.305,-3.55,74.67,71.13,0.008,1.161,0.154,1.47,291.4,1010.373,0.321,0.076,287.2,277.7,-5.42,-5.485
"2026-03-18 01:08:00",433,13.45,-4.374,-3.735,75,72.45,0.406,1.467,1.03,1.666,305.4,1010.348,0.287,-0.005,287.1,277.8,-5.435,-5.521
"2026-03-18 01:09:00",434,13.45,-4.456,-3.857,75.48,73.29,0.949,1.842,1.184,2.058,304.1,1010.333,0.287,0,287.1,277.8,-5.43,-5.525
"2026-03-18 01:10:00",435,13.45,-4.462,-3.786,75.83,72.63,1.123,1.869,1.287,1.96,304.6,1010.319,0.153,-0.21,287,277.1,-5.433,-5.544
"2026-03-18 01:11:00",436,13.44,-4.399,-3.773,75.46,72.86,0.701,1.767,1.081,1.96,304.2,1010.31,0.306,-0.01,286.9,276.3,-5.415,-5.514
"2026-03-18 01:12:00",437,13.45,-4.435,-3.722,75.63,72.48,0.934,1.811,1.081,1.96,299.4,1010.293,0.441,0.014,286.9,276.3,-5.411,-5.504
"2026-03-18 01:13:00",438,13.45,-4.463,-3.588,75.85,71.69,0.784,1.742,0.927,1.862,297.8,1010.292,0.438,0.005,286.8,276.3,-5.414,-5.518
"2026-03-18 01:14:00",439,13.35,-4.49,-3.475,75.67,70.99,0.047,1.537,0.36,1.764,305.8,1010.291,0.441,0.005,286.6,275.9,-5.426,-5.559
"2026-03-18 01:15:00",440,13.45,-4.57,-3.577,75.97,71.95,0.007,1.079,0.154,1.47,312.1,1010.306,0.287,-0.181,286.2,274.3,-5.45,-5.608
"2026-03-18 01:16:00",441,13.36,-4.622,-3.728,76.17,72.75,0.009,0.699,0.154,0.784,312.1,1010.289,0.111,-0.34,285.5,271.6,-5.479,-5.652
"2026-03-18 01:17:00",442,13.45,-4.665,-3.853,76.28,73.46,0,0.583,0,0.686,312.2,1010.278,0.01,-0.574,284.8,267.8,-5.506,-5.707
"2026-03-18 01:18:00",443,13.45,-4.716,-3.942,76.56,73.91,0,0.698,0,0.882,312.2,1010.249,0.014,-0.612,284,264.3,-5.527,-5.772
"2026-03-18 01:19:00",444,13.45,-4.746,-3.982,76.82,74.08,0.003,1.018,0.051,1.274,312.2,1010.228,0.22,-0.641,283.4,262.2,-5.528,-5.844
"2026-03-18 01:20:00",445,13.45,-4.738,-3.938,77.18,73.65,0,0.935,0,1.078,312.2,1010.216,0.321,-0.579,283,260.9,-5.549,-5.893
"2026-03-18 01:21:00",446,13.45,-4.652,-3.874,77.12,73.4,0,0.835,0,0.98,312.2,1010.245,0.468,-0.561,282.4,260.8,-5.546,-5.945
"2026-03-18 01:22:00",447,13.45,-4.556,-3.791,76.76,72.82,0,0.69,0,0.784,312.3,1010.25,0.574,-0.378,281.9,261.7,-5.563,-6.013
"2026-03-18 01:23:00",448,13.45,-4.478,-3.69,76.52,72.35,0,0.838,0,0.882,312.2,1010.235,0.537,-0.483,281.3,261.9,-5.587,-6.061
"2026-03-18 01:24:00",449,13.45,-4.385,-3.547,76.42,71.68,0,0.872,0,0.98,312.2,1010.217,0.383,-0.542,281,261,-5.586,-6.085
"2026-03-18 01:25:00",450,13.45,-4.203,-3.407,75.4,70.99,0,0.908,0,0.98,312.2,1010.2,0.675,-0.196,280.7,260.7,-5.608,-6.111
"2026-03-18 01:26:00",451,13.45,-4.134,-3.3,74.84,70.51,0,1.009,0,1.078,312.2,1010.179,0.221,-0.697,280.5,261.3,-5.651,-6.25
"2026-03-18 01:27:00",452,13.45,-4.109,-3.213,74.43,69.55,0.018,0.902,0.36,1.078,307.8,1010.162,0.376,-0.49,280.5,260.9,-5.642,-6.359
"2026-03-18 01:28:00",453,13.45,-4.2,-3.336,73.7,70.29,0.039,0.886,0.412,1.274,307.8,1010.149,0.107,-0.726,280.6,259.3,-5.682,-6.447
"2026-03-18 01:29:00",454,13.45,-4.353,-3.482,73.98,70.23,0.018,0.744,0.257,1.274,307.6,1010.15,0.492,-0.374,280.8,257.9,-5.677,-6.362
"2026-03-18 01:30:00",455,13.45,-4.505,-3.733,74.34,71.36,0.006,0.453,0.103,0.784,307.6,1010.143,0.293,-0.583,280.2,257.1,-5.722,-6.391
"2026-03-18 01:31:00",456,13.45,-4.606,-3.943,74.83,72.42,0.02,0.131,0.257,0.392,307.6,1010.135,0.415,-0.551,279.8,256.7,-5.742,-6.471
"2026-03-18 01:32:00",457,13.44,-4.686,-4.113,75.43,73.59,0,0.248,0,0.784,307.6,1010.117,0.245,-0.725,279.4,257.4,-5.818,-6.544
"2026-03-18 01:33:00",458,13.45,-4.737,-4.149,76.05,74.54,0,0.718,0,0.882,307.6,1010.107,-0.162,-1.181,279.1,259.6,-5.898,-6.653
"2026-03-18 01:34:00",459,13.37,-4.704,-3.989,76.41,73.87,0,0.537,0,0.784,307.7,1010.091,-0.57,-1.488,279.1,262,-5.952,-6.758
"2026-03-18 01:35:00",460,13.45,-4.633,-3.883,75.7,73,0,0.092,0,0.392,307.8,1010.086,-0.425,-1.253,279,262.6,-6.011,-6.801
"2026-03-18 01:36:00",461,13.45,-4.711,-3.871,75.78,73.01,0,0.421,0,0.49,307.8,1010.066,-0.656,-1.474,278.9,260.9,-6.075,-6.825
"2026-03-18 01:37:00",462,13.45,-4.715,-3.848,75.25,72.64,0,0.524,0,0.98,291.3,1010.04,-0.701,-1.534,278.5,257.8,-6.158,-6.847
"2026-03-18 01:38:00",463,13.45,-4.734,-3.863,76.26,73.01,0,0.881,0,1.372,292.4,1010.007,-0.965,-1.894,279,258.7,-6.131,-6.806
"2026-03-18 01:39:00",464,13.45,-4.623,-3.885,74.74,72.41,0.439,1.055,1.03,1.47,297.2,1010.006,0.142,-0.753,279.4,260,-6.123,-6.682
"2026-03-18 01:40:00",465,13.45,-4.819,-4.007,73.96,72.87,0.661,0.824,0.978,0.98,299.1,1010.019,0.246,-0.502,279.6,261.6,-6.208,-6.703
"2026-03-18 01:41:00",466,13.45,-5.033,-4.086,75.22,73.75,0.011,0.599,0.154,0.98,299.1,1010.02,-0.292,-1.047,279.5,262.2,-6.276,-6.8
"2026-03-18 01:42:00",467,13.44,-5.13,-4.138,74.93,73.2,0,0.457,0,0.784,288.2,1010.017,-0.363,-1.148,279.2,261.3,-6.326,-6.862
"2026-03-18 01:43:00",468,13.45,-5.366,-4.317,74.68,73.85,0.003,0.505,0.051,0.784,288.2,1010.019,-0.545,-1.415,278.6,258.1,-6.388,-6.871
"2026-03-18 01:44:00",469,13.45,-5.537,-4.387,75.81,74.47,0,0.07,0,0.392,288.2,1010.003,-0.588,-1.645,277.8,252.9,-6.446,-6.883
"2026-03-18 01:45:00",470,13.45,-5.618,-4.418,76.14,75.1,0,0.375,0,0.784,288.2,1009.987,-0.651,-1.8,276.8,247.2,-6.503,-6.979
"2026-03-18 01:46:00",471,13.45,-5.687,-4.435,76.63,74.93,0.001,0.678,0.051,0.98,300.9,1009.966,-0.331,-1.694,276,244.1,-6.551,-7.138
"2026-03-18 01:47:00",472,13.45,-5.668,-4.442,77.54,74.71,0.001,0.72,0.051,0.882,300.7,1009.951,-0.292,-1.79,275.4,244.6,-6.6,-7.233
"2026-03-18 01:48:00",473,13.45,-5.547,-4.443,78.23,75.57,0.321,0.765,0.772,0.882,300.9,1009.942,-0.144,-1.661,275.5,248.6,-6.597,-7.316
"2026-03-18 01:49:00",474,13.45,-5.341,-4.33,77.65,75.37,0.015,0.738,0.206,0.882,301,1009.951,0.243,-1.15,275.8,253.8,-6.622,-7.344
"2026-03-18 01:50:00",475,13.38,-5.241,-4.194,76.85,74.63,0.176,0.788,0.978,0.98,301,1009.948,0.174,-0.961,276.3,258.9,-6.685,-7.415
"2026-03-18 01:51:00",476,13.45,-5.236,-4.111,77.25,73.95,0.164,0.73,0.875,0.98,301,1009.94,-0.278,-1.25,277,264.5,-6.711,-7.442
"2026-03-18 01:52:00",477,13.45,-5.216,-4.138,75.53,73.37,0,0.96,0,1.176,301,1009.952,0.01,-0.665,277.8,268.4,-6.745,-7.418
"2026-03-18 01:53:00",478,13.45,-5.345,-4.246,76.09,73.98,0.035,0.741,0.412,0.98,301,1009.942,-0.416,-0.918,278.3,271,-6.803,-7.401
"2026-03-18 01:54:00",479,13.38,-5.384,-4.316,76.43,73.29,0.039,0.751,0.309,0.882,283.3,1009.923,-0.508,-0.858,278.9,271,-6.813,-7.343
"2026-03-18 01:55:00",480,13.38,-5.494,-4.46,74.9,73.77,0.3,0.887,1.133,1.078,274.3,1009.904,-0.159,-0.436,279.3,269.3,-6.84,-7.283
"2026-03-18 01:56:00",481,13.45,-5.811,-4.565,76.08,76.08,0.884,0.993,1.184,1.176,274.5,1009.865,-0.481,-0.754,279.3,266.8,-6.897,-7.248
"2026-03-18 01:57:00",482,13.45,-5.743,-4.3,77.2,75.58,1.118,1.079,1.287,1.274,276.8,1009.846,-0.508,-0.867,279.5,266.1,-6.908,-7.195
"2026-03-18 01:58:00",483,13.45,-5.706,-4.042,77.72,74.15,1.119,1.196,1.441,1.372,285,1009.845,-0.182,-0.541,280,269.3,-6.923,-7.141
"2026-03-18 01:59:00",484,13.45,-5.559,-3.908,78.17,72.32,1.2,1.467,1.39,1.764,301.2,1009.857,-0.058,-0.397,280.5,273,-6.939,-7.112
"2026-03-18 02:00:00",485,13.45,-5.385,-3.902,77.83,72.27,1.422,1.665,1.596,1.862,309.7,1009.856,-0.109,-0.297,281,275.1,-6.948,-7.094
"2026-03-18 02:01:00",486,13.45,-5.272,-3.938,76.82,71.77,1.454,1.683,1.699,1.862,308.1,1009.854,-0.144,-0.216,281.4,275.2,-6.946,-7.057
"2026-03-18 02:02:00",487,13.35,-5.287,-4.106,76.55,72.69,1.423,1.746,1.596,1.862,303.5,1009.838,-0.028,-0.144,281.7,274.3,-6.946,-6.992
"2026-03-18 02:03:00",488,13.45,-5.27,-4.136,76.73,73.82,1.249,1.714,1.441,1.862,295.1,1009.832,-0.029,-0.163,281.6,271.7,-6.94,-6.94
"2026-03-18 02:04:00",489,13.44,-5.221,-4.021,76.61,73.09,0.977,1.447,1.133,1.764,295.1,1009.846,0.143,-0.067,281.4,268.1,-6.926,-6.896
"2026-03-18 02:05:00",490,13.45,-5.224,-3.999,75.97,72.6,0.144,0.918,0.772,1.176,295.2,1009.873,0.335,0.047,281.1,265.6,-6.908,-6.862
"2026-03-18 02:06:00",491,13.45,-5.354,-4.003,75.41,73.2,0.02,1.172,0.154,1.372,295.3,1009.868,0.449,0.02,280.6,265.6,-6.926,-6.88
"2026-03-18 02:07:00",492,13.37,-5.504,-3.91,75.94,72.71,0.203,1.32,0.721,1.666,295.7,1009.861,0.355,-0.187,280.5,269,-6.928,-6.917
"2026-03-18 02:08:00",493,13.45,-5.588,-3.848,75.69,71.33,0.768,1.357,1.184,1.666,295.6,1009.866,0.382,-0.101,281,272,-6.905,-6.911
"2026-03-18 02:09:00",494,13.45,-5.719,-3.949,76.96,72.92,1.112,1.529,1.287,1.862,295.6,1009.843,0.288,-0.086,281.3,273,-6.911,-6.907
"2026-03-18 02:10:00",495,13.45,-5.603,-3.87,77.73,72.73,1.232,1.745,1.39,1.96,296,1009.846,0.262,-0.029,281.6,273.9,-6.902,-6.909
"2026-03-18 02:11:00",496,13.45,-5.522,-3.791,76.4,71.96,0.695,1.657,1.338,1.862,296.7,1009.851,0.264,0.101,281.9,275.2,-6.919,-6.892
"2026-03-18 02:12:00",497,13.45,-5.655,-3.796,76.33,72.53,0.617,1.557,1.081,1.764,296.4,1009.86,0.091,-0.129,282.1,277.7,-6.926,-6.879
"2026-03-18 02:13:00",498,13.45,-5.74,-3.717,76.1,71.98,0.254,1.508,0.927,1.764,295.3,1009.863,0.144,0.061,282.6,279.1,-6.913,-6.831
"2026-03-18 02:14:00",499,13.45,-5.837,-3.709,76.32,70.26,0.034,1.062,0.257,1.47,284.8,1009.888,0.12,0.048,282.7,279.4,-6.923,-6.776
"2026-03-18 02:15:00",500,13.45,-5.943,-4.001,75.94,67.94,0,0.053,0,0.588,291.5,1009.872,0.143,0.143,283,279.2,-6.913,-6.707
"2026-03-18 02:16:00",501,13.45,-6.093,-4.45,76.57,72.17,0.019,0.764,0.206,1.176,291.7,1009.829,0.106,0.005,283.2,279.3,-6.917,-6.673
"2026-03-18 02:17:00",502,13.45,-6.172,-4.665,77.21,74.3,0.035,1.172,0.206,1.372,291.2,1009.785,0.153,0.09,283.4,280.3,-6.894,-6.62
"2026-03-18 02:18:00",503,13.45,-6.178,-4.67,77.96,74.59,0.069,1.094,0.309,1.274,291.3,1009.758,0.239,0.187,283.7,281,-6.878,-6.579
"2026-03-18 02:19:00",504,13.36,-6.077,-4.647,78.31,74.38,0.033,0.997,0.206,1.176,291.3,1009.754,0.301,0.316,283.9,281.4,-6.855,-6.55
"2026-03-18 02:20:00",505,13.45,-5.978,-4.643,78.34,74.41,0.19,1.104,0.927,1.372,291.2,1009.747,0.302,0.378,284.1,281.6,-6.833,-6.516
"2026-03-18 02:21:00",506,13.38,-5.825,-4.597,78.78,74.7,0.916,1.232,1.133,1.47,281.3,1009.726,0.355,0.398,284.3,281.9,-6.8,-6.482
"2026-03-18 02:22:00",507,13.45,-5.577,-4.57,78.4,74,0.958,1.281,1.03,1.372,281.3,1009.717,0.434,0.505,284.6,282.2,-6.728,-6.412
"2026-03-18 02:23:00",508,13.45,-5.391,-4.605,77.55,74.42,0.687,1.172,0.927,1.372,276.2,1009.716,0.818,0.976,284.8,282.4,-6.687,-6.372
"2026-03-18 02:24:00",509,13.36,-5.298,-4.623,76.73,73.88,0.271,1.105,0.824,1.274,276.2,1009.717,0.57,0.728,284.9,282.5,-6.674,-6.355
"2026-03-18 02:25:00",510,13.45,-5.294,-4.722,75.99,74.08,0.599,1.347,0.824,1.568,276,1009.693,0.598,0.77,285.1,283,-6.638,-6.327
"2026-03-18 02:26:00",511,13.38,-5.39,-4.797,75.65,75.9,0.893,1.741,1.03,1.862,275.6,1009.668,0.603,0.8,285.3,283.4,-6.607,-6.296
"2026-03-18 02:27:00",512,13.45,-5.503,-4.602,76.04,76.7,0.839,1.78,0.978,1.862,276,1009.646,0.574,0.688,285.4,283.6,-6.584,-6.263
"2026-03-18 02:28:00",513,13.45,-5.564,-4.287,76.21,75.81,0.631,1.783,0.824,1.862,276,1009.656,0.527,0.579,285.6,284,-6.56,-6.231
"2026-03-18 02:29:00",514,13.45,-5.639,-4.02,76.52,74.53,0.341,1.757,0.927,1.862,276,1009.657,0.569,0.574,285.8,284.1,-6.534,-6.191
"2026-03-18 02:30:00",515,13.37,-5.688,-3.86,77.68,72.74,1.136,1.747,1.287,1.862,289.7,1009.661,0.398,0.517,285.9,284.1,-6.505,-6.156
"2026-03-18 02:31:00",516,13.45,-5.574,-3.884,78.23,73.14,0.959,1.729,1.184,1.862,304.7,1009.648,0.545,0.57,286.1,283.8,-6.448,-6.088
"2026-03-18 02:32:00",517,13.45,-5.464,-3.944,77.71,71.4,0.886,1.702,1.236,2.156,329.9,1009.65,0.669,0.784,286.3,283.1,-6.398,-6.009
"2026-03-18 02:33:00",518,13.45,-5.491,-4.272,77.63,74.7,0.936,1.879,1.133,2.058,312.4,1009.62,0.781,0.838,286.4,282.7,-6.361,-5.958
"2026-03-18 02:34:00",519,13.45,-5.482,-4.344,78.6,74.88,1.108,1.765,1.287,1.96,308.5,1009.614,0.604,0.651,286.5,282.9,-6.307,-5.928
"2026-03-18 02:35:00",520,13.45,-5.305,-4.292,78.74,75.43,0.993,1.563,1.184,1.764,302.2,1009.636,0.736,0.727,286.8,283.3,-6.229,-5.841
"2026-03-18 02:36:00",521,13.45,-5.035,-4.104,78.49,75.04,0.755,1.488,0.927,1.666,296.9,1009.63,1.023,1.023,287,283.7,-6.142,-5.755
"2026-03-18 02:37:00",522,13.45,-4.745,-3.886,77.69,73.86,0.934,1.715,1.236,1.96,294.2,1009.602,1.186,1.239,287.2,284.1,-6.057,-5.69
"2026-03-18 02:38:00",523,13.45,-4.531,-3.758,76.49,72.71,1.065,1.844,1.236,1.96,294.3,1009.578,1.393,1.436,287.4,284.3,-5.991,-5.647
"2026-03-18 02:39:00",524,13.45,-4.428,-3.791,75.45,72.75,1.16,1.744,1.287,1.96,295.4,1009.556,1.264,1.37,287.5,284.3,-5.946,-5.636
"2026-03-18 02:40:00",525,13.45,-4.439,-3.879,74.97,72.96,1.3,1.818,1.441,1.96,296.5,1009.533,1.072,1.121,287.6,284.5,-5.912,-5.644
"2026-03-18 02:41:00",526,13.36,-4.517,-3.965,74.87,73.76,1.082,1.833,1.338,1.96,296.7,1009.533,0.861,0.904,287.6,284.4,-5.889,-5.648
"2026-03-18 02:42:00",527,13.45,-4.646,-3.964,75.18,73.93,0.204,1.669,0.978,1.862,302,1009.542,0.829,0.843,287.6,284.2,-5.882,-5.653
"2026-03-18 02:43:00",528,13.36,-4.783,-3.933,75.82,73.86,0.03,1.587,0.206,1.764,308.6,1009.533,0.579,0.575,287.6,284,-5.865,-5.653
"2026-03-18 02:44:00",529,13.45,-4.864,-3.95,76.34,73.42,0.003,1.332,0.154,1.666,310.6,1009.516,0.57,0.574,287.5,283.7,-5.852,-5.645
"2026-03-18 02:45:00",530,13.45,-4.923,-4.111,76.55,74.13,0,0.707,0,0.98,310.5,1009.52,0.608,0.574,287.5,283.4,-5.849,-5.635
"2026-03-18 02:46:00",531,13.45,-5.002,-4.316,76.87,74.89,0,0.279,0,0.882,284.5,1009.528,0.574,0.555,287.4,283,-5.844,-5.648
"2026-03-18 02:47:00",532,13.45,-5.131,-4.58,77.18,75.52,0.006,0.284,0.103,0.784,242.9,1009.526,0.379,0.274,287.3,282.8,-5.854,-5.682
"2026-03-18 02:48:00",533,13.45,-5.185,-4.715,77.97,77.64,0.028,0.797,0.206,1.47,287.6,1009.538,0.292,0.239,287.4,283.5,-5.828,-5.658
"2026-03-18 02:49:00",534,13.37,-5.088,-4.514,78.62,77.6,0.008,1.352,0.154,1.47,287.6,1009.546,0.55,0.464,287.6,283.9,-5.765,-5.61
"2026-03-18 02:50:00",535,13.45,-4.908,-4.212,78.7,76.01,0.06,1.295,0.257,1.372,287.3,1009.533,0.755,0.755,287.7,284,-5.709,-5.56
"2026-03-18 02:51:00",536,13.45,-4.684,-3.961,78.57,74.71,0.221,1.305,0.36,1.47,287.7,1009.519,0.871,0.866,287.8,284,-5.653,-5.515
"2026-03-18 02:52:00",537,13.39,-4.396,-3.718,77.67,73.13,0.251,1.473,0.772,1.568,287.3,1009.509,1.091,1.138,287.9,283.8,-5.597,-5.476
"2026-03-18 02:53:00",538,13.45,-4.211,-3.621,76.06,72.4,0.497,1.354,0.927,1.666,278.1,1009.506,1.139,1.149,288,283.2,-5.554,-5.44
"2026-03-18 02:54:00",539,13.45,-4.272,-3.655,75.61,72.76,0.972,1.588,1.184,1.764,278.5,1009.473,0.977,0.991,288.1,283.1,-5.536,-5.413
"2026-03-18 02:55:00",540,13.44,-4.317,-3.597,75.72,72.13,0.991,1.609,1.133,1.764,274.2,1009.474,0.857,0.861,288.2,283.1,-5.497,-5.404
"2026-03-18 02:56:00",541,13.45,-4.381,-3.699,75.63,73.18,0.892,1.494,1.03,1.666,283.3,1009.482,0.828,0.79,288.2,282.7,-5.485,-5.401
"2026-03-18 02:57:00",542,13.37,-4.471,-3.636,76.09,72.34,0.955,1.503,1.184,1.666,286.1,1009.474,0.642,0.594,288.1,282.8,-5.474,-5.416
"2026-03-18 02:58:00",543,13.45,-4.52,-3.585,75.99,72.1,1.1,1.768,1.39,2.156,283.9,1009.464,0.584,0.512,288.1,282.6,-5.466,-5.422
"2026-03-18 02:59:00",544,13.45,-4.662,-3.713,76.44,73.04,1.288,2.3,1.493,2.548,294,1009.437,0.46,0.359,288.2,282.4,-5.464,-5.436
"2026-03-18 03:00:00",545,13.37,-4.752,-3.732,77.27,72.79,1.547,2.414,1.802,2.646,295.2,1009.397,0.249,0.148,288.2,282,-5.461,-5.437
"2026-03-18 03:01:00",546,13.45,-4.709,-3.736,77.32,72.81,1.786,2.829,2.111,3.234,295.9,1009.349,0.291,0.158,288.3,281.1,-5.434,-5.412
"2026-03-18 03:02:00",547,13.45,-4.653,-3.745,77.08,72.89,2.064,3.038,2.42,3.332,294.5,1009.295,0.273,0.134,288.3,280,-5.422,-5.392
"2026-03-18 03:03:00",548,13.45,-4.639,-3.879,76.87,73.67,1.981,2.951,2.265,3.234,289.8,1009.271,0.335,0.162,288.4,278.9,-5.391,-5.36
"2026-03-18 03:04:00",549,13.45,-4.671,-4.047,76.96,74.37,1.333,2.468,1.905,2.94,294.6,1009.286,0.468,0.278,288.3,277.8,-5.369,-5.322
"2026-03-18 03:05:00",550,13.45,-4.72,-4.22,77.09,75.39,0.468,1.729,1.03,2.254,302,1009.297,0.579,0.282,288,277.3,-5.363,-5.32
"2026-03-18 03:06:00",551,13.36,-4.772,-4.371,77.35,76.32,0.049,1.525,0.309,1.764,303.8,1009.287,0.546,0.168,287.6,277,-5.364,-5.345
"2026-03-18 03:07:00",552,13.45,-4.816,-4.478,77.55,76.9,0.001,1.336,0.051,1.568,311.6,1009.273,0.497,0.019,287.4,276.6,-5.366,-5.375
"2026-03-18 03:08:00",553,13.45,-4.853,-4.569,77.74,77.6,0.059,1.637,0.36,1.862,319.4,1009.252,0.441,0,287.1,276.1,-5.375,-5.391
"2026-03-18 03:09:00",554,13.45,-4.877,-4.61,78.03,77.96,0.561,1.497,0.875,1.764,325.4,1009.214,0.326,-0.124,287.1,275.5,-5.372,-5.387
"2026-03-18 03:10:00",555,13.45,-4.879,-4.604,78.31,77.97,0.306,1.8,0.927,2.254,327.5,1009.193,0.392,-0.124,287,276.4,-5.363,-5.406
"2026-03-18 03:11:00",556,13.45,-4.84,-4.491,78.29,76.84,0.395,1.869,0.875,2.156,322.8,1009.188,0.427,-0.024,287,277.1,-5.363,-5.433
"2026-03-18 03:12:00",557,13.45,-4.773,-4.312,78.1,75.6,0.884,1.952,1.287,2.254,321.2,1009.191,0.339,-0.067,287.1,278.3,-5.342,-5.448
"2026-03-18 03:13:00",558,13.45,-4.65,-4.118,77.79,74.71,0.979,1.859,1.287,2.058,317.4,1009.195,0.409,0.044,287.2,280,-5.326,-5.417
"2026-03-18 03:14:00",559,13.45,-4.464,-3.945,77.03,73.67,1.096,1.935,1.338,2.058,322,1009.19,0.367,0.117,287.7,280.6,-5.261,-5.371
"2026-03-18 03:15:00",560,13.45,-4.27,-3.815,75.93,72.8,1.029,1.968,1.236,2.352,338.7,1009.185,0.832,0.612,287.9,279.9,-5.216,-5.319
"2026-03-18 03:16:00",561,13.45,-4.195,-3.793,74.51,71.57,1.524,2.518,2.059,2.94,0.172,1009.172,0.757,0.594,287.9,278.9,-5.218,-5.325
"2026-03-18 03:17:00",562,13.45,-4.268,-3.979,73.82,72.48,1.512,2.376,1.905,2.646,1.319,1009.143,0.665,0.445,288.1,277.2,-5.206,-5.282
"2026-03-18 03:18:00",563,13.45,-4.427,-4.169,74.15,73.34,0.658,1.781,1.544,2.254,352.8,1009.124,0.614,0.341,287.7,275.7,-5.22,-5.297
"2026-03-18 03:19:00",564,13.45,-4.533,-4.161,74.77,73.82,0.039,1.029,0.309,1.47,319.2,1009.114,0.374,0.024,287.3,275.2,-5.238,-5.347
"2026-03-18 03:20:00",565,13.45,-4.503,-4.027,74.82,72.77,0,0.704,0,0.882,313.3,1009.097,0.344,-0.009,286.9,275,-5.23,-5.382
"2026-03-18 03:21:00",566,13.45,-4.441,-3.934,74.55,72.61,0.005,0.948,0.103,1.078,302,1009.079,0.484,-0.005,286.6,275.8,-5.237,-5.425
"2026-03-18 03:22:00",567,13.38,-4.376,-3.85,74.29,71.99,0.013,1.089,0.206,1.274,298.2,1009.056,0.316,-0.038,286.4,275.8,-5.246,-5.495
"2026-03-18 03:23:00",568,13.45,-4.301,-3.839,73.76,71.7,0.085,1.141,0.257,1.372,300,1009.047,0.349,-0.009,286.2,274.2,-5.243,-5.541
"2026-03-18 03:24:00",569,13.45,-4.299,-3.908,73.35,71.3,0.08,1.052,0.257,1.372,317.9,1009.052,0.301,-0.005,286,273.7,-5.259,-5.602
"2026-03-18 03:25:00",570,13.45,-4.379,-3.991,73.14,71.82,0.024,1.002,0.206,1.176,319.3,1009.045,0.349,-0.066,285.8,274.2,-5.283,-5.677
"2026-03-18 03:26:00",571,13.45,-4.481,-4.029,73.44,72.42,0.006,0.831,0.154,0.98,319.3,1009.049,0.048,-0.287,285.6,274.1,-5.313,-5.743
"2026-03-18 03:27:00",572,13.45,-4.542,-4.026,73.98,72.61,0,0.771,0,0.882,319.3,1009.046,-0.019,-0.535,285.3,272.4,-5.351,-5.788
"2026-03-18 03:28:00",573,13.45,-4.51,-4.023,74,72.83,0.003,0.555,0.051,0.784,319.3,1009.063,-0.043,-0.574,284.8,270.7,-5.387,-5.815
"2026-03-18 03:29:00",574,13.45,-4.467,-4.029,73.64,72.78,0,0.144,0,0.588,319.4,1009.076,-0.095,-0.65,284.4,269,-5.422,-5.834
"2026-03-18 03:30:00",575,13.45,-4.497,-4.069,72.97,71.04,0.032,0.564,0.36,1.274,71.44,1009.074,-0.182,-0.795,284.1,267.9,-5.473,-5.877
"2026-03-18 03:31:00",576,13.38,-4.699,-4.318,73.23,73.3,0.048,0.747,0.36,1.372,56.1,1009.052,-0.424,-1.071,283.9,266.5,-5.541,-5.918
"2026-03-18 03:32:00",577,13.45,-4.933,-4.618,73.96,74.54,0,0.618,0,0.784,38.32,1009.021,-0.331,-1.144,283.7,265.1,-5.58,-5.956
"2026-03-18 03:33:00",578,13.45,-5.104,-4.806,74.93,76.43,0.001,0.49,0.051,0.784,20.4,1008.994,-0.339,-1.191,283.2,265.7,-5.621,-6.026
"2026-03-18 03:34:00",579,13.45,-5.161,-4.793,75.65,76.87,0,0.003,0,0.294,20.26,1008.995,-0.268,-1.102,283,269.2,-5.635,-6.078
"2026-03-18 03:35:00",580,13.45,-5.144,-4.676,75.9,76.38,0,0,0,0,20.26,1008.989,-0.096,-0.843,283.1,272.1,-5.657,-6.099
"2026-03-18 03:36:00",581,13.45,-5.113,-4.617,75.69,75.31,0,0,0,0,20.28,1008.988,0.019,-0.598,283,273.2,-5.691,-6.119
"2026-03-18 03:37:00",582,13.36,-5.124,-4.667,75.21,74.78,0,0,0,0,20.35,1008.986,-0.296,-0.813,283.2,273.6,-5.734,-6.192
"2026-03-18 03:38:00",583,13.45,-5.252,-4.81,74.96,74.52,0.001,0.052,0.051,0.49,301.8,1008.97,-0.354,-0.866,283.2,272.4,-5.78,-6.236
"2026-03-18 03:39:00",584,13.45,-5.365,-5,75.72,75.49,0.001,0,0.051,0,255.8,1008.955,-0.593,-1.076,283.2,271.2,-5.824,-6.248
"2026-03-18 03:40:00",585,13.45,-5.401,-5.096,76.01,75.95,0,0,0,0,256.1,1008.946,-0.465,-1.03,283.3,269.6,-5.842,-6.229
"2026-03-18 03:41:00",586,13.45,-5.398,-5.117,76.77,77.13,0,0.064,0,0.49,320.3,1008.929,-0.211,-0.795,283.3,270,-5.839,-6.131
"2026-03-18 03:42:00",587,13.45,-5.329,-5.08,76.92,77.07,0,0.002,0,0.098,320.2,1008.928,0.123,-0.489,283.5,273.7,-5.827,-5.991
"2026-03-18 03:43:00",588,13.45,-5.272,-5.063,76.85,77.01,0,0,0,0,320.2,1008.921,0.334,-0.135,283.9,277,-5.807,-5.957
"2026-03-18 03:44:00",589,13.45,-5.233,-5.056,76.7,77.07,0,0,0,0,320.2,1008.895,0.564,0.181,284.3,277.4,-5.795,-5.954
"2026-03-18 03:45:00",590,13.45,-5.212,-5.042,76.6,77.07,0,0,0,0,320.2,1008.876,0.57,0.268,284.2,276,-5.799,-5.971
"2026-03-18 03:46:00",591,13.45,-5.191,-5.037,76.52,76.9,0,0,0,0,320.3,1008.864,0.574,0.287,284.1,274.9,-5.798,-6.003
"2026-03-18 03:47:00",592,13.45,-5.179,-5.046,76.4,77.04,0,0,0,0,320.3,1008.852,0.574,0.278,284,274.5,-5.793,-6.027
"2026-03-18 03:48:00",593,13.37,-5.173,-5.037,76.49,77.2,0,0.068,0,0.392,320.2,1008.816,0.556,0.178,283.9,273.8,-5.81,-6.034
"2026-03-18 03:49:00",594,13.45,-5.155,-5.012,76.51,77.08,0,0.365,0,0.49,320.3,1008.78,0.426,0,283.9,273.8,-5.816,-6.043
"2026-03-18 03:50:00",595,13.45,-5.135,-4.997,76.49,77.05,0,0.72,0,0.98,320.4,1008.751,0.407,0.005,283.8,275.1,-5.828,-6.077
"2026-03-18 03:51:00",596,13.45,-5.113,-4.985,76.48,76.9,0,0.816,0,0.98,320.6,1008.729,0.25,-0.019,284,277,-5.829,-6.142
"2026-03-18 03:52:00",597,13.45,-5.086,-4.987,76.31,76.86,0,0.841,0,0.98,320.6,1008.722,0.229,0.099,284.2,277.9,-5.807,-6.153
"2026-03-18 03:53:00",598,13.37,-5.082,-5.001,76.21,77.03,0,0.926,0,0.98,320.1,1008.698,0.506,0.321,284.4,277.3,-5.795,-6.134
"2026-03-18 03:54:00",599,13.45,-5.091,-5.01,76.13,76.99,0,0.906,0,0.98,319.9,1008.678,0.527,0.306,284.4,276.7,-5.806,-6.112
"2026-03-18 03:55:00",600,13.44,-5.114,-5.014,76.11,77.05,0,0.884,0,0.98,319.7,1008.667,0.444,0.287,284.4,276.2,-5.828,-6.114
"2026-03-18 03:56:00",601,13.45,-5.146,-5.038,76.06,77.12,0,0.841,0,0.98,319.7,1008.648,0.278,0.054,284.3,276.3,-5.849,-6.117
"2026-03-18 03:57:00",602,13.37,-5.184,-5.067,76.21,77.03,0,0.796,0,0.98,320.5,1008.629,0.081,-0.133,284.3,276.2,-5.872,-6.128
"2026-03-18 03:58:00",603,13.45,-5.22,-5.128,75.99,76.94,0,0.587,0,0.784,336.5,1008.615,0.052,-0.183,284.4,275.6,-5.884,-6.113
"2026-03-18 03:59:00",604,13.45,-5.305,-5.228,75.95,77.53,0,0.861,0,1.078,343.9,1008.607,0.043,-0.162,284.4,276.5,-5.913,-6.113
"2026-03-18 04:00:00",605,13.45,-5.421,-5.305,76.29,78.05,0,0.766,0,1.078,350,1008.607,-0.028,-0.292,284.5,277.9,-5.946,-6.112
"2026-03-18 04:01:00",606,13.45,-5.527,-5.331,76.86,78.38,0,0.964,0,1.176,348.9,1008.612,-0.21,-0.435,284.6,277.8,-5.969,-6.112
"2026-03-18 04:02:00",607,13.45,-5.567,-5.313,77.56,78.56,0,1.144,0,1.568,345.1,1008.605,-0.135,-0.345,284.7,275.4,-5.974,-6.081
"2026-03-18 04:03:00",608,13.45,-5.528,-5.242,77.94,78.67,0,1.609,0,1.862,345.9,1008.585,0.085,-0.135,284.6,271.4,-5.97,-6.004
"2026-03-18 04:04:00",609,13.36,-5.455,-5.146,77.76,77.58,0.471,1.955,1.544,2.45,13.22,1008.582,0.435,0.157,284.5,268.8,-5.972,-5.955
"2026-03-18 04:05:00",610,13.37,-5.449,-5.164,77.46,77.65,0.959,2.142,1.596,2.548,27.72,1008.581,0.512,0.101,284.3,267,-5.99,-5.974
"2026-03-18 04:06:00",611,13.45,-5.446,-5.152,77.62,77.07,0.575,1.774,1.236,2.254,15.79,1008.563,0.402,-0.086,284.2,267,-5.986,-5.972
"2026-03-18 04:07:00",612,13.45,-5.354,-5.055,77.45,76.93,0.208,1.763,1.03,2.156,352.6,1008.534,0.727,0.144,284.1,267.1,-5.971,-5.936
"2026-03-18 04:08:00",613,13.45,-5.23,-4.849,77.14,75.94,0.037,1.382,0.257,1.666,346.7,1008.503,0.894,0.3,284.1,268.1,-5.943,-5.874
"2026-03-18 04:09:00",614,13.45,-5.098,-4.659,76.54,75.03,0,1.25,0,1.372,347.6,1008.495,1.134,0.546,283.9,270.3,-5.94,-5.873
"2026-03-18 04:10:00",615,13.37,-5.019,-4.531,76.03,74.3,0,0.743,0,1.078,354.5,1008.492,1.144,0.579,283.7,270.4,-5.951,-5.911
"2026-03-18 04:11:00",616,13.37,-4.991,-4.48,75.55,73.63,0,0.14,0,0.49,354.5,1008.471,0.934,0.451,283,267.3,-5.981,-5.976
"2026-03-18 04:12:00",617,13.45,-5.017,-4.526,75.22,74,0,0.115,0,0.49,32.66,1008.459,0.685,0.12,282.5,264.2,-5.994,-6.048
"2026-03-18 04:13:00",618,13.45,-5.086,-4.618,75.31,74.67,0,0.066,0,0.392,32.63,1008.454,0.756,-0.005,281.9,263.3,-6.013,-6.103
"2026-03-18 04:14:00",619,13.45,-5.132,-4.645,75.82,75.03,0,0.194,0,0.588,5.207,1008.428,0.626,-0.029,281.5,263.6,-6.028,-6.146
"2026-03-18 04:15:00",620,13.45,-5.101,-4.614,76.18,74.75,0,0.682,0,0.882,4.698,1008.419,0.78,0,281.4,265.1,-6.033,-6.168
"2026-03-18 04:16:00",621,13.44,-5.032,-4.576,75.85,74.38,0,1.102,0,1.372,4.999,1008.418,0.98,0.253,281.7,268.3,-6.018,-6.223
"2026-03-18 04:17:00",622,13.45,-5,-4.542,75.59,74.29,0,1.457,0,1.666,5.201,1008.422,1.021,0.545,282.1,268.9,-6.041,-6.232
"2026-03-18 04:18:00",623,13.45,-4.976,-4.499,75.51,73.67,0,1.287,0,1.47,5.556,1008.417,0.824,0.469,282.2,268.1,-6.064,-6.231
"2026-03-18 04:19:00",624,13.36,-4.917,-4.463,75.25,73.22,0,1.051,0,1.274,13.22,1008.406,0.651,0.312,282,267.5,-6.094,-6.245
"2026-03-18 04:20:00",625,13.45,-4.887,-4.501,74.62,73.25,0,0.755,0,0.98,12.92,1008.408,0.565,0.22,281.7,267.1,-6.111,-6.285
"2026-03-18 04:21:00",626,13.45,-4.93,-4.612,74.17,73.37,0,0.417,0,0.686,12.89,1008.406,0.584,0.287,281.3,266.6,-6.133,-6.295
"2026-03-18 04:22:00",627,13.45,-5.007,-4.75,74.03,74.39,0,0.394,0,0.686,11.58,1008.388,0.594,0.235,281.1,266.2,-6.153,-6.294
"2026-03-18 04:23:00",628,13.45,-5.101,-4.836,74.23,74.96,0,0.111,0,0.392,11.51,1008.38,0.579,0.058,281,267,-6.172,-6.309
"2026-03-18 04:24:00",629,13.45,-5.189,-4.836,74.59,74.8,0,0,0,0,11.49,1008.364,0.626,0.133,281.2,269.1,-6.182,-6.33
"2026-03-18 04:25:00",630,13.36,-5.255,-4.744,75.16,74.67,0,0,0,0,11.39,1008.355,0.789,0.292,281.5,272.1,-6.182,-6.367
"2026-03-18 04:26:00",631,13.45,-5.255,-4.543,75.53,73.28,0,0,0,0,11.4,1008.353,0.861,0.496,281.8,275.8,-6.172,-6.385
"2026-03-18 04:27:00",632,13.45,-5.188,-4.388,75.57,72.35,0,0,0,0,11.39,1008.328,0.976,0.856,282.4,278.1,-6.171,-6.367
"2026-03-18 04:28:00",633,13.45,-5.099,-4.265,75.22,71.97,0,0.199,0,0.882,353.2,1008.309,1.091,1.071,282.8,278.4,-6.17,-6.355
"2026-03-18 04:29:00",634,13.45,-5.053,-4.169,74.52,70.67,0,1.115,0,1.372,354.5,1008.28,1.144,1.153,283,277.2,-6.167,-6.363
"2026-03-18 04:30:00",635,13.45,-5.148,-4.345,73.73,71.42,0,1.157,0,1.764,0.834,1008.288,1.139,1.173,283.1,275.3,-6.194,-6.391
"2026-03-18 04:31:00",636,13.45,-5.393,-4.679,73.88,73.28,0.001,0.884,0.051,1.274,8.44,1008.295,0.852,0.915,283.1,275,-6.238,-6.391
"2026-03-18 04:32:00",637,13.36,-5.646,-4.953,74.72,74.04,0.086,0.328,0.515,0.98,104.5,1008.295,0.505,0.477,283.1,274.4,-6.289,-6.4
"2026-03-18 04:33:00",638,13.37,-5.817,-5.223,76.01,75.71,0.032,0.433,0.257,0.882,90.6,1008.284,0.419,0.334,283.5,273.9,-6.281,-6.345
"2026-03-18 04:34:00",639,13.45,-5.859,-5.388,76.92,76.61,0.002,0,0.051,0,88.2,1008.257,1.003,0.86,283.7,274.7,-6.266,-6.224
"2026-03-18 04:35:00",640,13.45,-5.833,-5.453,77.2,76.91,0,0,0,0,88.2,1008.256,1.406,1.234,283.7,276.2,-6.255,-6.169
"2026-03-18 04:36:00",641,13.36,-5.807,-5.491,77.31,77.13,0,0,0,0,88.1,1008.282,1.436,1.43,283.7,276.9,-6.251,-6.164
"2026-03-18 04:37:00",642,13.45,-5.795,-5.538,77.14,77.07,0,0,0,0,89,1008.295,1.483,1.436,283.8,277,-6.249,-6.171
"2026-03-18 04:38:00",643,13.45,-5.821,-5.608,77.2,77.29,0,0,0,0,89.2,1008.303,1.278,1.283,283.9,277.3,-6.261,-6.18
"2026-03-18 04:39:00",644,13.45,-5.777,-5.625,77.47,77.62,0.09,0.1,0.36,0.882,200.4,1008.295,1.497,1.487,284.2,277.1,-6.249,-6.154
"2026-03-18 04:40:00",645,13.45,-5.739,-5.636,77.36,77.83,0.693,1.18,1.184,1.47,245.4,1008.247,1.694,1.698,284.2,275.7,-6.242,-6.167
"2026-03-18 04:41:00",646,13.45,-5.735,-5.627,77.49,78.06,0.104,0.744,0.412,0.98,245.5,1008.214,1.597,1.646,284.2,275.3,-6.238,-6.178
"2026-03-18 04:42:00",647,13.45,-5.698,-5.569,77.6,78.07,0.046,0.561,0.309,1.078,245.6,1008.221,1.494,1.613,284.2,276.7,-6.246,-6.175
"2026-03-18 04:43:00",648,13.45,-5.7,-5.556,77.04,78.11,0.182,1.421,0.669,1.764,245.4,1008.212,1.688,1.723,284.4,278.5,-6.247,-6.177
"2026-03-18 04:44:00",649,13.37,-5.83,-5.58,77.27,78.64,0.077,0.829,0.36,1.176,245.6,1008.194,1.513,1.685,284.6,279.5,-6.26,-6.19
"2026-03-18 04:45:00",650,13.45,-5.905,-5.543,77.7,78.21,0.188,1.246,0.772,1.764,245.1,1008.191,1.454,1.684,284.7,278.8,-6.27,-6.194
"2026-03-18 04:46:00",651,13.36,-5.995,-5.659,77.75,77.82,0.548,1.619,1.03,1.764,245.4,1008.212,1.637,1.78,284.7,277.5,-6.285,-6.193
"2026-03-18 04:47:00",652,13.45,-6.115,-5.754,78.02,78.56,0.896,1.671,1.236,1.764,245.5,1008.197,1.703,1.804,284.6,276,-6.314,-6.219
"2026-03-18 04:48:00",653,13.45,-6.199,-5.811,78.43,78.91,1.093,1.752,1.544,1.96,251.4,1008.161,1.627,1.741,284.4,275.3,-6.334,-6.238
"2026-03-18 04:49:00",654,13.45,-6.229,-5.799,78.8,78.92,0.822,1.523,1.39,1.862,250.8,1008.15,1.709,1.833,284.5,276.4,-6.345,-6.251
"2026-03-18 04:50:00",655,13.45,-6.241,-5.808,78.96,78.39,0.099,1.167,0.515,1.568,251.3,1008.189,1.794,2.01,284.5,277.2,-6.352,-6.262
"2026-03-18 04:51:00",656,13.45,-6.261,-5.904,79.07,78.56,0,0.88,0,1.078,273.2,1008.191,2.001,2.215,284.4,276.2,-6.372,-6.258
"2026-03-18 04:52:00",657,13.43,-6.271,-5.99,79.23,79.13,0.086,1.244,0.36,1.568,285.5,1008.156,2.019,2.297,284.1,273.9,-6.389,-6.257
"2026-03-18 04:53:00",658,13.45,-6.267,-6.03,79.41,79.61,0.827,1.739,1.338,2.156,289.8,1008.124,2.196,2.312,284,272.4,-6.39,-6.263
"2026-03-18 04:54:00",659,13.45,-6.236,-5.982,79.59,79.48,1.345,1.961,1.544,2.156,279.8,1008.071,2.24,2.297,283.9,271.3,-6.391,-6.275
"2026-03-18 04:55:00",660,13.45,-6.185,-5.984,79.34,79.09,0.535,1.385,1.39,2.058,263.4,1008.069,2.331,2.465,283.6,269.2,-6.399,-6.277
"2026-03-18 04:56:00",661,13.35,-6.204,-6.034,79.28,79.39,1.012,1.689,1.287,1.96,247.9,1008.114,2.297,2.302,283.5,271.1,-6.414,-6.295
"2026-03-18 04:57:00",662,13.35,-6.242,-6.08,79.37,79.78,1.283,1.829,1.493,2.058,248.1,1008.142,2.311,2.383,283.7,274,-6.42,-6.315
"2026-03-18 04:58:00",663,13.45,-6.262,-6.095,79.41,80.4,1.72,2.189,2.317,2.45,247.3,1008.13,2.33,2.579,284.1,277.3,-6.419,-6.319
"2026-03-18 04:59:00",664,13.45,-6.258,-5.865,79.5,80.5,2.112,1.98,2.317,2.254,244.7,1008.116,2.464,2.736,284.6,279.9,-6.423,-6.298
"2026-03-18 05:00:00",665,13.45,-6.234,-5.635,79.38,78.53,2.117,2.224,2.317,2.45,243.1,1008.087,2.57,2.981,284.9,279.2,-6.417,-6.26
"2026-03-18 05:01:00",666,13.36,-6.211,-5.495,79.5,77.96,1.939,2.059,2.214,2.352,246.5,1008.062,2.622,3.158,285,278.4,-6.408,-6.232
"2026-03-18 05:02:00",667,13.45,-6.155,-5.352,79.5,77.48,1.375,1.711,1.802,2.156,244,1008.088,2.847,3.364,285.1,278.5,-6.395,-6.208
"2026-03-18 05:03:00",668,13.44,-6.107,-5.215,79.48,76.68,0.429,1.349,1.184,1.568,242,1008.121,3.023,3.512,285,277.9,-6.389,-6.175
"2026-03-18 05:04:00",669,13.45,-6.061,-5.223,79.45,75.82,0,0.602,0,1.372,244.9,1008.138,3.158,3.718,285,277,-6.372,-6.146
"2026-03-18 05:05:00",670,13.45,-6.04,-5.358,79.31,76.23,0.008,0.093,0.103,0.49,327.1,1008.142,3.21,3.737,284.9,275.4,-6.361,-6.116
"2026-03-18 05:06:00",671,13.45,-6.031,-5.489,79.15,76.89,0.697,1.044,1.236,1.666,18.83,1008.152,3.364,3.838,284.8,274.8,-6.356,-6.099
"2026-03-18 05:07:00",672,13.45,-6.068,-5.654,79.02,78.18,0.604,1.047,1.081,1.666,351.4,1008.165,3.308,3.805,284.7,275.2,-6.376,-6.141
"2026-03-18 05:08:00",673,13.45,-6.099,-5.778,79.63,79.48,0.002,0.124,0.051,0.49,313,1008.147,3.315,3.799,285,276.9,-6.341,-6.072
"2026-03-18 05:09:00",674,13.45,-5.994,-5.702,79.86,79.67,0.003,0.322,0.154,0.49,296.6,1008.115,3.675,4.178,285.1,278.4,-6.301,-6.003
"2026-03-18 05:10:00",675,13.45,-5.798,-5.55,79.37,78.65,0.006,0.848,0.206,1.274,265.7,1008.092,3.795,4.373,285.1,279.3,-6.279,-6.03
"2026-03-18 05:11:00",676,13.45,-5.748,-5.603,78.53,77.87,0.115,1.055,1.287,1.372,259.4,1008.095,3.914,4.561,285.4,280,-6.262,-6.046
"2026-03-18 05:12:00",677,13.45,-5.811,-5.704,78.18,78.09,1.356,1.533,1.544,1.764,251.8,1008.093,3.776,4.479,285.6,281.3,-6.252,-6.056
"2026-03-18 05:13:00",678,13.45,-5.871,-5.778,78.25,78.59,1.278,1.483,1.493,1.764,243.5,1008.084,3.958,4.723,285.9,281.4,-6.228,-6.031
"2026-03-18 05:14:00",679,13.45,-5.913,-5.826,78.31,78.48,1.303,1.504,1.493,1.666,229.6,1008.068,4.12,4.944,285.9,279.5,-6.214,-6.019
"2026-03-18 05:15:00",680,13.36,-5.959,-5.9,78.4,78.79,1.162,1.384,1.39,1.666,225,1008.073,4.164,4.996,285.7,278.1,-6.217,-6.021
"2026-03-18 05:16:00",681,13.45,-6.015,-5.922,78.58,79.12,0.451,0.923,0.875,1.176,225.3,1008.073,4.164,4.944,285.6,278.7,-6.216,-6.03
"2026-03-18 05:17:00",682,13.45,-6.044,-5.922,78.76,79.22,0.04,0.176,0.515,0.882,225.3,1008.071,4.221,4.967,285.6,279.5,-6.215,-6.033
"2026-03-18 05:18:00",683,13.45,-6.045,-5.911,78.92,79.51,1.091,1.422,2.111,2.646,34.71,1008.083,4.321,5.063,285.6,277.9,-6.217,-6.034
"2026-03-18 05:19:00",684,13.45,-6.029,-5.927,79.55,80.3,0.903,1.547,2.008,2.254,45.62,1008.102,4.393,5.091,285.9,277,-6.189,-5.972
"2026-03-18 05:20:00",685,13.45,-5.914,-5.831,80,80.4,0.367,0.691,1.338,1.666,9.43,1008.082,4.756,5.478,286.2,278.7,-6.125,-5.864
"2026-03-18 05:21:00",686,13.45,-5.706,-5.636,79.87,79.82,0.001,0,0.051,0,9.31,1008.035,5.678,6.597,286.7,279.7,-6.065,-5.731
"2026-03-18 05:22:00",687,13.45,-5.44,-5.417,79.26,78.92,0.015,0.174,0.103,0.686,206,1007.999,5.958,6.939,286.5,278.5,-6.037,-5.64
"2026-03-18 05:23:00",688,13.45,-5.294,-5.247,78.21,78.21,0.081,0.495,0.36,0.882,228.2,1007.989,5.997,6.973,286.3,277.6,-6.003,-5.658
"2026-03-18 05:24:00",689,13.45,-5.187,-5.108,77.52,77.12,0.49,0.723,0.978,1.372,221,1007.983,5.957,6.929,286.2,277.1,-5.955,-5.679
"2026-03-18 05:25:00",690,13.45,-5.179,-5.077,76.75,76.44,0.001,0.518,0.051,0.784,214.2,1008.008,6.102,7.169,286.2,277.5,-5.931,-5.7
"2026-03-18 05:26:00",691,13.45,-5.286,-5.155,76.31,76.04,0,0.729,0,0.98,214.2,1008.006,5.982,6.988,286,278.6,-5.928,-5.74
"2026-03-18 05:27:00",692,13.45,-5.408,-5.263,76.46,76.46,0,0.132,0,0.49,220.3,1007.985,5.824,6.892,286,280,-5.925,-5.772
"2026-03-18 05:28:00",693,13.45,-5.473,-5.3,76.74,76.73,0.001,0,0.051,0,221.1,1007.981,5.743,6.892,286.1,280.6,-5.924,-5.791
"2026-03-18 05:29:00",694,13.45,-5.522,-5.313,77.03,77,0.001,0,0.051,0,221.2,1007.98,5.743,6.892,286.2,280.3,-5.923,-5.822
"2026-03-18 05:30:00",695,13.45,-5.559,-5.311,77.25,76.85,0,0,0,0,221.2,1008.001,5.781,7.029,286.2,279.5,-5.922,-5.837
"2026-03-18 05:31:00",696,13.44,-5.575,-5.321,77.39,77.03,0,0.158,0,0.588,221.2,1008.023,6.025,7.179,286.1,278.5,-5.923,-5.83
"2026-03-18 05:32:00",697,13.45,-5.593,-5.333,77.73,77.48,0.473,1.198,1.338,1.96,35.6,1008.012,6.096,7.369,286.1,277.1,-5.912,-5.821
"2026-03-18 05:33:00",698,13.45,-5.604,-5.386,77.99,78.07,0.607,1.763,1.03,2.156,33.57,1008.001,6.264,7.508,286.2,277.5,-5.91,-5.804
"2026-03-18 05:34:00",699,13.45,-5.59,-5.355,78.22,77.82,0.007,0.609,0.154,1.372,0.42,1007.963,6.479,7.799,286.3,279.4,-5.9,-5.776
"2026-03-18 05:35:00",700,13.45,-5.531,-5.251,78.02,77.37,0.001,0.444,0.051,0.686,351.8,1007.919,6.69,8.09,286.3,280.1,-5.891,-5.767
"2026-03-18 05:36:00",701,13.45,-5.47,-5.119,78.23,77.15,0,0.086,0,0.49,351.7,1007.916,6.858,8.3,286.2,279.9,-5.889,-5.798
"2026-03-18 05:37:00",702,13.45,-5.324,-4.943,78.03,76.25,0.003,0,0.051,0,352.1,1007.923,7.014,8.63,286.2,278.8,-5.876,-5.786
"2026-03-18 05:38:00",703,13.45,-5.171,-4.814,77.56,75.63,0,0,0,0,352.1,1007.899,7.54,9.19,286.1,277,-5.845,-5.715
"2026-03-18 05:39:00",704,13.45,-5.065,-4.739,77.04,75.05,0,0,0,0,43.16,1007.91,7.839,9.45,285.7,275,-5.843,-5.704
"2026-03-18 05:40:00",705,13.45,-5.033,-4.7,76.42,74.73,0,0,0,0,51.12,1007.897,7.782,9.34,285.3,273.9,-5.85,-5.759
"2026-03-18 05:41:00",706,13.45,-5.026,-4.683,76.18,74.78,0,0,0,0,51.05,1007.878,7.601,9.05,285.1,274.6,-5.854,-5.809
"2026-03-18 05:42:00",707,13.45,-5.019,-4.66,75.98,74.48,0,0,0,0,50.1,1007.899,7.586,9.03,285,275.2,-5.865,-5.837
"2026-03-18 05:43:00",708,13.45,-5.036,-4.656,75.86,74.44,0,0.357,0,0.686,25.98,1007.929,7.47,8.93,285,275.4,-5.883,-5.893
"2026-03-18 05:44:00",709,13.45,-5.083,-4.651,75.9,74.57,0,0.718,0,1.078,20.07,1007.953,7.466,9,285.1,276.5,-5.881,-5.9
"2026-03-18 05:45:00",710,13.45,-5.102,-4.596,76.21,74.23,0,0.008,0,0.294,19.99,1007.958,7.656,9.33,285.3,278.9,-5.873,-5.894
"2026-03-18 05:46:00",711,13.44,-5.075,-4.533,75.72,72.9,0,0,0,0,6.727,1007.981,7.911,9.65,285.3,278.5,-5.875,-5.903
"2026-03-18 05:47:00",712,13.45,-5.162,-4.669,75.3,73.66,0,0.33,0,0.784,343.2,1007.954,8.14,9.98,285.2,275.9,-5.887,-5.947
"2026-03-18 05:48:00",713,13.45,-5.316,-4.896,75.93,74.86,0.007,0,0.206,0,341.2,1007.932,8.08,10,285.1,275.3,-5.908,-5.971
"2026-03-18 05:49:00",714,13.36,-5.39,-5.029,76.52,75.84,0.431,0.542,1.184,1.078,296,1007.895,8.32,10.24,285.1,275.4,-5.908,-5.989
"2026-03-18 05:50:00",715,13.45,-5.388,-5.019,76.77,75.68,1.18,1.155,1.441,1.47,296.2,1007.846,9.2,11.32,285.2,274.8,-5.9,-6.025
"2026-03-18 05:51:00",716,13.45,-5.396,-5.044,76.57,75.52,1.367,1.453,1.75,1.764,310.1,1007.805,9.91,12.38,285,271.8,-5.917,-6.036
"2026-03-18 05:52:00",717,13.45,-5.475,-5.106,76.68,76.39,0.723,1.8,1.287,2.352,310.2,1007.793,9.63,12.07,284.5,267.2,-5.938,-6.015
"2026-03-18 05:53:00",718,13.44,-5.559,-5.035,77.1,75.58,1.77,2.632,2.265,2.842,296,1007.753,9.54,11.68,284.4,268.5,-5.951,-5.976
"2026-03-18 05:54:00",719,13.38,-5.593,-4.964,77.35,75.35,1.628,2.264,2.059,2.45,294.6,1007.751,9.91,12.09,284.8,274.2,-5.951,-5.978
"2026-03-18 05:55:00",720,13.45,-5.606,-4.878,77.65,75.6,1.545,2.348,1.802,2.646,287.5,1007.74,10.02,12.32,285.2,276.4,-5.957,-5.972
"2026-03-18 05:56:00",721,13.45,-5.511,-4.746,77.99,75.33,0.944,1.79,1.853,3.038,251.3,1007.741,9.88,12.43,285.7,276.9,-5.915,-5.904
"2026-03-18 05:57:00",722,13.45,-5.078,-4.376,77.92,73.51,1.714,2.071,2.111,2.646,274.2,1007.693,11.22,14,286.9,279.9,-5.729,-5.661
"2026-03-18 05:58:00",723,13.45,-4.752,-4.026,75.68,72.26,1.367,2.086,2.008,2.646,274.7,1007.675,12.2,15.17,287.2,281.4,-5.67,-5.567
"2026-03-18 05:59:00",724,13.45,-4.638,-3.659,75.07,70.52,1.122,1.741,1.544,2.352,301.9,1007.685,11.49,14.4,287.3,282,-5.636,-5.547
"2026-03-18 06:00:00",725,13.45,-4.596,-3.64,73.39,69.57,1.08,2.029,1.956,2.842,10.84,1007.733,11.33,14.12,287.2,280.6,-5.634,-5.559
"2026-03-18 06:01:00",726,13.45,-4.901,-4.162,74.43,73.15,1.279,2.162,1.647,2.646,30.81,1007.74,11.14,14.03,287.1,279.8,-5.651,-5.625
"2026-03-18 06:02:00",727,13.45,-5.06,-4.485,75.39,73.28,0.844,1.604,1.441,2.254,342.6,1007.696,10.75,13.55,287.6,280.4,-5.601,-5.547
"2026-03-18 06:03:00",728,13.45,-5.067,-4.649,75.95,74.45,0.876,1.838,1.905,2.646,338.6,1007.651,10.64,13.33,287.5,280.5,-5.575,-5.502
"2026-03-18 06:04:00",729,13.45,-5.039,-4.763,74.82,74.02,1.706,2.606,2.059,2.94,321,1007.605,11.38,13.99,287.8,280.7,-5.515,-5.438
"2026-03-18 06:05:00",730,13.45,-5.193,-4.96,75.34,74.85,1.26,2.377,1.699,2.842,332.8,1007.609,11.14,13.73,287.5,281.9,-5.556,-5.522
"2026-03-18 06:06:00",731,13.45,-5.343,-5.033,75.91,74.84,0.71,1.86,1.905,2.646,43.62,1007.638,10.62,13.06,287.5,282.4,-5.573,-5.576
"2026-03-18 06:07:00",732,13.45,-5.5,-5.215,76.27,76.23,1.328,2.14,2.008,2.842,51.85,1007.616,10.5,13.02,287.4,282.1,-5.605,-5.61
"2026-03-18 06:08:00",733,13.45,-5.645,-5.428,76.98,77.22,0.107,1.007,0.566,1.47,43.81,1007.565,10.5,13.05,287.5,283,-5.613,-5.632
"2026-03-18 06:09:00",734,13.45,-5.672,-5.498,77.46,77.33,0.054,0.586,0.412,1.176,350.8,1007.516,10.33,12.76,287.8,284,-5.59,-5.601
"2026-03-18 06:10:00",735,13.45,-5.593,-5.47,77.15,76.92,0.535,1.226,0.927,1.568,344.5,1007.504,10.74,13.25,288,284.1,-5.554,-5.516
"2026-03-18 06:11:00",736,13.36,-5.533,-5.469,76.76,77,1.042,1.615,1.39,1.96,329,1007.462,11.06,13.64,288,284.2,-5.554,-5.515
"2026-03-18 06:12:00",737,13.45,-5.547,-5.494,76.55,77.22,1.034,1.612,1.287,1.96,323.6,1007.443,11.19,13.78,288,284.6,-5.561,-5.556
"2026-03-18 06:13:00",738,13.45,-5.591,-5.497,77,78.16,0.908,1.294,1.081,1.568,323.6,1007.436,10.93,13.51,288,285.3,-5.586,-5.603
"2026-03-18 06:14:00",739,13.45,-5.591,-5.38,76.92,76.96,0.954,1.406,1.081,1.666,331.7,1007.419,10.91,13.5,288,285.6,-5.589,-5.623
"2026-03-18 06:15:00",740,13.45,-5.629,-5.377,77.01,77.13,0.673,1.251,0.927,1.47,331.7,1007.393,10.91,13.5,288,285.6,-5.615,-5.642
"2026-03-18 06:16:00",741,13.45,-5.693,-5.358,77.52,76.92,0.86,1.406,1.699,2.352,354.4,1007.371,10.83,13.49,288,285.9,-5.633,-5.656
"2026-03-18 06:17:00",742,13.45,-5.707,-5.349,77.59,76.93,1.504,2.504,1.853,2.842,352.8,1007.354,10.89,13.5,288.1,285.2,-5.635,-5.65
"2026-03-18 06:18:00",743,13.45,-5.709,-5.384,77.78,77.11,1.229,2.11,1.441,2.45,337.5,1007.315,11.01,13.66,288.2,286.2,-5.634,-5.627
"2026-03-18 06:19:00",744,13.45,-5.689,-5.336,77.81,76.62,1.23,2.051,1.544,2.352,329.7,1007.275,11.19,13.81,288.3,286.4,-5.634,-5.604
"2026-03-18 06:20:00",745,13.45,-5.655,-5.339,77.97,77.51,0.916,1.903,1.338,2.156,342,1007.282,11.3,14.04,288.3,285.9,-5.636,-5.589
"2026-03-18 06:21:00",746,13.36,-5.646,-5.37,78.4,78.09,0.801,1.919,1.493,2.548,4.266,1007.279,11.35,14.04,288.4,285.7,-5.628,-5.541
"2026-03-18 06:22:00",747,13.45,-5.593,-5.294,78.56,77.05,1.253,2.119,1.544,2.548,5.047,1007.277,11.62,14.37,288.6,286.1,-5.597,-5.476
"2026-03-18 06:23:00",748,13.45,-5.45,-5.092,78.1,75.74,0.354,1.494,0.824,1.862,0.065,1007.263,12.08,14.75,288.8,286.4,-5.573,-5.411
"2026-03-18 06:24:00",749,13.45,-5.347,-4.949,77.66,75.1,0.001,1.191,0.051,1.372,350.7,1007.255,12.42,15.24,288.9,286.7,-5.541,-5.381
"2026-03-18 06:25:00",750,13.45,-5.277,-4.856,77.24,74.8,0,1.015,0,1.176,345.3,1007.237,12.54,15.36,288.9,287.1,-5.519,-5.368
"2026-03-18 06:26:00",751,13.45,-5.25,-4.822,77.15,75.05,0.003,0.603,0.103,1.176,308.5,1007.245,12.38,15.07,288.9,286.7,-5.506,-5.367
"2026-03-18 06:27:00",752,13.45,-5.274,-4.934,77.25,75.75,0.001,1.031,0.051,1.372,308.5,1007.267,12.3,14.83,288.9,285.9,-5.487,-5.365
"2026-03-18 06:28:00",753,13.45,-5.283,-5.034,77.2,76.17,0,0.666,0,0.98,315.4,1007.266,12.29,14.81,289,285.8,-5.463,-5.351
"2026-03-18 06:29:00",754,13.45,-5.266,-5.091,77.17,76.44,0.001,0.628,0.051,0.882,302.3,1007.227,12.09,14.69,288.9,286,-5.448,-5.352
"2026-03-18 06:30:00",755,13.45,-5.235,-5.131,77,76.64,0.438,0.869,1.236,1.274,295.2,1007.178,12.18,14.74,289.1,286.5,-5.411,-5.319
"2026-03-18 06:31:00",756,13.45,-5.234,-5.131,76.96,76.55,1.041,1.221,1.236,1.47,301.9,1007.14,12.33,14.83,289.2,287.1,-5.404,-5.32
"2026-03-18 06:32:00",757,13.45,-5.214,-5.02,76.9,76.3,1.09,1.465,1.236,1.666,307.1,1007.096,12.27,14.79,289.4,287.8,-5.364,-5.316
"2026-03-18 06:33:00",758,13.45,-5.083,-4.667,76.6,74.68,1.132,1.536,1.39,1.764,295.8,1007.056,12.33,14.92,289.5,288.3,-5.329,-5.277
"2026-03-18 06:34:00",759,13.45,-4.902,-4.329,75.71,72.15,1.341,1.663,1.853,2.254,284.7,1007.044,12.57,15.21,289.7,288.2,-5.297,-5.236
"2026-03-18 06:35:00",760,13.45,-4.851,-4.314,75.24,72.11,1.283,1.768,2.162,2.94,270.7,1007.026,12.62,15.3,289.8,288.3,-5.273,-5.204
"2026-03-18 06:36:00",761,13.38,-4.844,-4.378,75.31,72.69,1.506,2.143,1.802,2.352,272.7,1007.02,12.93,15.63,289.9,287.9,-5.235,-5.169
"2026-03-18 06:37:00",762,13.45,-4.859,-4.456,75.73,73.79,1.105,1.966,1.338,2.254,284.7,1007.019,13.2,15.93,290,287.7,-5.203,-5.14
"2026-03-18 06:38:00",763,13.45,-4.833,-4.499,75.92,74.51,1.235,1.835,1.441,2.058,278.7,1006.987,13.6,16.42,290.1,287.9,-5.165,-5.095
"2026-03-18 06:39:00",764,13.45,-4.823,-4.554,76.22,75.21,1.222,1.868,1.441,2.058,275.6,1006.975,14.18,17.19,290.2,288.1,-5.138,-5.069
"2026-03-18 06:40:00",765,13.45,-4.773,-4.449,76.35,74.62,1.379,2.09,1.699,2.45,274.9,1006.934,14.75,18.21,290.4,288.6,-5.089,-5.028
"2026-03-18 06:41:00",766,13.45,-4.645,-4.175,76.24,72.87,1.692,2.25,2.111,2.744,281.3,1006.857,15.01,18.6,290.8,288.9,-5.018,-4.951
"2026-03-18 06:42:00",767,13.36,-4.403,-3.964,75.59,72.12,2.521,3.397,3.089,4.018,299.7,1006.798,15.37,19.04,291.3,288.7,-4.912,-4.826
"2026-03-18 06:43:00",768,13.45,-4.177,-3.812,74.08,70.57,2.553,3.065,2.934,3.528,300.5,1006.764,15.81,19.55,291.9,289.1,-4.785,-4.667
"2026-03-18 06:44:00",769,13.45,-3.961,-3.607,72.96,69.63,2.07,2.728,2.574,3.234,282.5,1006.758,16.12,19.85,292.2,289.5,-4.66,-4.546
"2026-03-18 06:45:00",770,13.45,-3.734,-3.429,72.02,69.5,2.2,2.907,2.831,3.43,269.2,1006.747,16.49,20.32,292.6,289.2,-4.522,-4.443
"2026-03-18 06:46:00",771,13.45,-3.635,-3.458,71.39,69.61,1.547,2.252,2.111,2.842,264.6,1006.75,17.09,21.04,292.6,289,-4.431,-4.349
"2026-03-18 06:47:00",772,13.45,-3.63,-3.514,71.72,70.94,1.092,2.08,2.471,4.018,280.9,1006.72,17.19,21.18,292.6,288.8,-4.37,-4.329
"2026-03-18 06:48:00",773,13.45,-3.554,-3.395,70.57,66.79,3.614,4.429,5.457,6.37,307.6,1006.629,16.58,20.62,294,290.5,-4.187,-4.211
"2026-03-18 06:49:00",774,13.38,-3.08,-2.943,68.19,65.4,1.666,2.129,3.81,4.704,286.6,1006.649,18.59,22.87,295.1,290.7,-3.875,-3.84
"2026-03-18 06:50:00",775,13.45,-2.785,-2.77,66.63,65.44,3.332,3.789,4.118,4.508,283.1,1006.583,20.63,25.33,294.9,290.2,-3.732,-3.666
"2026-03-18 06:51:00",776,13.45,-2.911,-2.932,67.2,67.59,2.433,3.111,2.934,3.528,304.3,1006.614,21.63,26.94,294.4,289.2,-3.692,-3.8
"2026-03-18 06:52:00",777,13.45,-3.156,-3.183,68.49,69.22,2.297,2.937,2.78,3.43,284.2,1006.575,21.55,27.07,294,289.2,-3.697,-3.954
"2026-03-18 06:53:00",778,13.43,-3.326,-3.318,69.22,69.73,2.657,3.535,3.346,4.214,266.1,1006.492,20.86,26.34,294.1,289.1,-3.679,-4.029
"2026-03-18 06:54:00",779,13.45,-3.446,-3.429,69.65,69.68,2.549,3.064,3.295,3.626,272.8,1006.456,20.45,25.72,293.9,289,-3.683,-4.077
"2026-03-18 06:55:00",780,13.45,-3.574,-3.565,70.32,71.05,1.428,2.293,2.523,3.43,266.8,1006.453,20.19,25.33,293.6,288.7,-3.714,-4.152
"2026-03-18 06:56:00",781,13.45,-3.672,-3.555,70.9,70.38,2.428,3.122,3.346,3.92,275.3,1006.448,20.27,25.45,293.5,289.7,-3.734,-4.222
"2026-03-18 06:57:00",782,13.45,-3.562,-3.379,70.29,69.18,2.117,2.688,2.986,3.332,265.2,1006.453,20.57,26.02,293.7,289.4,-3.712,-4.191
"2026-03-18 06:58:00",783,13.45,-3.549,-3.5,70.12,70.2,1.811,2.348,2.317,2.744,270.4,1006.477,21.42,26.95,293.5,288.9,-3.73,-4.162
"2026-03-18 06:59:00",784,13.45,-3.674,-3.582,70.48,70.52,1.585,1.989,2.625,2.45,259.5,1006.46,21.26,26.94,293.4,289.3,-3.743,-4.218
"2026-03-18 07:00:00",785,13.45,-3.705,-3.483,70.65,69.44,1.448,1.65,1.75,2.156,280.6,1006.448,22.04,27.86,293.3,289.5,-3.767,-4.256
"2026-03-18 07:01:00",786,13.45,-3.696,-3.342,70.75,69.09,0.921,1.445,1.647,2.156,261.7,1006.466,21.79,27.75,293.1,288.9,-3.789,-4.328
"2026-03-18 07:02:00",787,13.45,-3.638,-3.408,70.47,69.45,0.999,1.663,1.39,2.058,256.5,1006.462,22.7,28.65,293.3,288.4,-3.755,-4.284
"2026-03-18 07:03:00",788,13.37,-3.81,-3.654,70.94,70.99,1.469,1.801,1.75,2.058,259.9,1006.436,23.43,29.5,293,288.7,-3.807,-4.331
"2026-03-18 07:04:00",789,13.45,-3.972,-3.719,71.93,71.45,1.418,1.995,1.75,2.548,268.1,1006.403,23.91,30.13,292.8,288.9,-3.848,-4.412
"2026-03-18 07:05:00",790,13.45,-3.974,-3.72,71.98,71.33,1.225,1.785,1.647,2.156,252.9,1006.396,24.01,30.4,292.9,288.9,-3.854,-4.413
"2026-03-18 07:06:00",791,13.45,-4.011,-3.789,72.55,72.44,0.517,1.459,1.647,2.646,289.8,1006.382,24.2,30.78,292.8,288.7,-3.862,-4.416
"2026-03-18 07:07:00",792,13.45,-3.805,-3.481,71.62,68.89,1.087,1.5,1.802,2.156,313.8,1006.342,24.22,30.96,293.6,289.6,-3.743,-4.268
"2026-03-18 07:08:00",793,13.45,-3.412,-3.127,70.44,67.35,0.176,0.646,0.36,1.078,344.5,1006.347,25.6,32.48,293.8,289.3,-3.679,-4.047
"2026-03-18 07:09:00",794,13.45,-3.214,-2.926,69.54,66.71,0.222,0.88,0.515,1.372,2.254,1006.344,25.5,32.29,293.9,288.7,-3.63,-3.983
"2026-03-18 07:10:00",795,13.45,-3.084,-2.818,68.93,66.79,0.069,0.406,0.36,0.98,348.8,1006.33,25.54,32.33,293.7,288.5,-3.604,-3.938
"2026-03-18 07:11:00",796,13.45,-2.979,-2.756,68.58,66.88,0,0,0,0,348.4,1006.341,25.99,33.04,293.9,288.1,-3.546,-3.915
"2026-03-18 07:12:00",797,13.45,-2.899,-2.725,68.13,66.66,0.076,0.41,0.309,0.784,264,1006.359,26.2,33.25,293.7,287.7,-3.503,-3.899
"2026-03-18 07:13:00",798,13.45,-2.828,-2.717,67.79,66.78,0.239,0.643,0.618,1.078,266.1,1006.305,26.42,33.24,293.8,287.8,-3.438,-3.865
"2026-03-18 07:14:00",799,13.45,-2.824,-2.79,67.94,67.85,0.472,1.054,0.618,1.274,300.7,1006.254,27.1,34.03,293.9,288.1,-3.398,-3.859
"2026-03-18 07:15:00",800,13.38,-2.898,-2.911,68.13,68.55,1.216,1.674,1.647,2.058,302.7,1006.261,28.42,35.87,293.9,288.2,-3.379,-3.892
"2026-03-18 07:16:00",801,13.45,-3.023,-3.051,68.81,69.52,1.175,1.443,1.596,1.96,272.1,1006.227,30.42,38.81,294.1,288.6,-3.367,-3.923
"2026-03-18 07:17:00",802,13.38,-3.136,-3.131,68.98,69.3,1.189,1.888,2.214,2.842,256.4,1006.146,31.81,41.03,294.1,288,-3.355,-3.947
"2026-03-18 07:18:00",803,13.45,-3.262,-3.227,69.68,70,1.834,2.523,2.831,3.234,260.5,1006.072,31.86,41.18,294.1,287.1,-3.357,-3.992
"2026-03-18 07:19:00",804,13.45,-3.152,-2.963,68.4,66.72,1.775,2.104,2.78,3.038,264.5,1006.038,31.09,40.25,294.7,286.9,-3.262,-3.889
"2026-03-18 07:20:00",805,13.45,-3.039,-2.931,68.2,67.89,1.016,1.525,2.317,3.136,267.2,1005.994,32.04,41.07,294.3,285.3,-3.263,-3.852
"2026-03-18 07:21:00",806,13.45,-3.178,-3.078,68.94,69.03,1.503,1.95,2.523,2.94,261.1,1005.943,31.48,40.42,294.1,285.7,-3.275,-3.922
"2026-03-18 07:22:00",807,13.45,-3.162,-3.053,68.75,67.97,1.464,2.024,2.625,2.94,275.5,1005.952,31.98,41.12,294.1,286.1,-3.256,-3.939
"2026-03-18 07:23:00",808,13.45,-3.087,-2.934,68.63,68.09,1.504,2.173,1.853,2.548,277.5,1005.922,32.24,41.46,294.2,285.3,-3.228,-3.878
"2026-03-18 07:24:00",809,13.45,-3.051,-2.907,68.61,67.48,2.114,2.835,3.449,4.018,348.8,1005.905,31.69,40.78,294.5,284.7,-3.183,-3.82
"2026-03-18 07:25:00",810,13.45,-3.048,-2.856,69.01,68.73,0.484,0.732,1.081,1.862,317.9,1005.941,31.86,40.91,294.1,283.2,-3.176,-3.847
"2026-03-18 07:26:00",811,13.45,-3.165,-2.958,69.32,68.63,0.466,0.917,1.75,2.352,297.4,1005.915,31.31,40.24,294,283.7,-3.168,-3.888
"2026-03-18 07:27:00",812,13.37,-3.164,-2.996,68.94,68.37,1.568,1.925,2.059,2.352,288.3,1005.893,30.94,39.56,294.1,284.2,-3.143,-3.838
"2026-03-18 07:28:00",813,13.45,-3.124,-3.007,68.83,68.22,1.501,1.872,1.853,2.156,258.8,1005.853,30.69,39.07,294.1,285,-3.135,-3.84
"2026-03-18 07:29:00",814,13.45,-3.116,-2.992,68.97,68.69,1.437,1.839,1.699,2.058,272.1,1005.827,31.32,39.94,294,285.6,-3.14,-3.87
"2026-03-18 07:30:00",815,13.45,-3.191,-3.061,69.47,68.68,1.123,1.872,1.441,2.156,283.3,1005.832,30.84,39.38,293.9,285.4,-3.169,-3.92
"2026-03-18 07:31:00",816,13.45,-3.236,-3.044,69.84,68.99,1.028,1.834,1.39,2.156,278,1005.824,30.78,39.34,293.8,284.6,-3.176,-3.944
"2026-03-18 07:32:00",817,13.45,-3.248,-3.042,69.54,68.39,1.021,1.302,1.544,1.96,275.5,1005.817,32.68,42.03,293.8,284.8,-3.178,-3.95
"2026-03-18 07:33:00",818,13.45,-3.153,-2.921,68.95,67.51,0.451,0.808,0.566,1.078,275.2,1005.818,32.94,42.52,293.7,284.7,-3.169,-3.961
"2026-03-18 07:34:00",819,13.45,-3.051,-2.826,68.62,66.87,0.464,1.091,0.772,1.47,295.2,1005.747,32.2,41.57,293.6,284.6,-3.159,-3.975
"2026-03-18 07:35:00",820,13.45,-2.973,-2.726,67.91,65.77,0.297,0.846,0.618,1.078,292.4,1005.722,32.46,41.75,293.6,285.5,-3.123,-3.947
"2026-03-18 07:36:00",821,13.45,-2.812,-2.568,67.12,65.37,0.94,1.311,1.75,1.862,310.3,1005.702,32.96,42.27,294.2,286.3,-3.026,-3.788
"2026-03-18 07:37:00",822,13.45,-2.694,-2.543,67.26,65.94,1.222,1.785,1.699,2.058,271.3,1005.707,33.47,42.67,294.4,286.2,-2.996,-3.682
"2026-03-18 07:38:00",823,13.45,-2.696,-2.556,66.78,65.8,1.241,1.6,1.493,1.96,264.9,1005.701,33.02,42.09,294.5,286.9,-2.978,-3.704
"2026-03-18 07:39:00",824,13.45,-2.67,-2.583,66.89,66.31,0.737,1.237,1.441,1.96,250.2,1005.718,33.28,42.38,294.6,287,-2.943,-3.684
"2026-03-18 07:40:00",825,13.45,-2.695,-2.66,67.2,66.91,0.217,0.972,0.618,1.764,250.6,1005.754,33.51,42.59,294.5,286.7,-2.918,-3.699
"2026-03-18 07:41:00",826,13.45,-2.723,-2.697,66.83,66.61,0.755,1.278,1.236,1.764,219.2,1005.753,33.06,41.94,294.5,286.6,-2.894,-3.707
"2026-03-18 07:42:00",827,13.45,-2.714,-2.692,66.87,66.95,0.733,1.151,1.184,1.568,214.2,1005.734,33.28,42.02,294.5,286.3,-2.867,-3.695
"2026-03-18 07:43:00",828,13.45,-2.738,-2.729,67.15,67.52,0.78,1.354,1.338,1.96,211.7,1005.744,33.45,42.33,294.4,286.1,-2.848,-3.713
"2026-03-18 07:44:00",829,13.45,-2.784,-2.795,67.53,68.18,1.273,1.629,2.42,2.45,234.4,1005.734,33.37,42.06,294.5,286.5,-2.842,-3.71
"2026-03-18 07:45:00",830,13.38,-2.901,-2.923,68.17,69.07,1.034,1.354,1.647,2.058,259.6,1005.707,34.07,42.87,294.6,287.2,-2.847,-3.712
"2026-03-18 07:46:00",831,13.45,-3.063,-3.077,68.7,69.81,0.498,1.145,1.03,2.352,255,1005.666,35.49,44.82,294.6,287.1,-2.858,-3.762
"2026-03-18 07:47:00",832,13.45,-3.175,-3.188,69.3,70.12,2.141,3.033,2.728,3.724,264.6,1005.598,37.15,47.13,294.6,286.1,-2.889,-3.788
"2026-03-18 07:48:00",833,13.45,-3.254,-3.241,69.84,70.48,2.323,3.003,2.934,3.724,262.5,1005.574,37.95,48.07,294.5,284.8,-2.941,-3.817
"2026-03-18 07:49:00",834,13.45,-3.321,-3.315,70.69,71.46,1.728,2.585,2.265,3.038,262.9,1005.582,38.73,49.07,294.5,285.4,-2.972,-3.834
"2026-03-18 07:50:00",835,13.45,-3.405,-3.375,70.98,70.9,2.186,3.122,3.192,3.92,268.4,1005.557,39.59,50.02,294.5,285.7,-2.998,-3.851
"2026-03-18 07:51:00",836,13.45,-3.332,-3.182,70.37,69.05,2.519,3.316,2.986,3.724,273.1,1005.554,41.88,52.9,294.9,286.7,-2.978,-3.771
"2026-03-18 07:52:00",837,13.45,-3.204,-3.084,69.98,69.16,2.527,3.265,3.089,3.724,270.1,1005.532,44.74,56.5,295.1,287.3,-2.95,-3.689
"2026-03-18 07:53:00",838,13.45,-3.171,-3.051,69.95,68.51,2.595,3.507,3.552,4.41,258.1,1005.51,47.43,60.18,295.3,287.2,-2.94,-3.659
"2026-03-18 07:54:00",839,13.45,-3.088,-2.901,69.06,67.06,3.155,4.023,3.861,4.606,257.6,1005.471,49.84,63.89,295.4,281.8,-2.891,-3.611
"2026-03-18 07:55:00",840,13.45,-2.91,-2.706,68.64,66.69,2.759,3.637,3.295,4.116,261.7,1005.431,50.43,64.57,295,272.6,-2.838,-3.546
"2026-03-18 07:56:00",841,13.45,-2.868,-2.71,69.06,68.31,2.001,2.83,3.089,3.528,273.5,1005.42,50.85,64.87,293.9,264.3,-2.832,-3.588
"2026-03-18 07:57:00",842,13.45,-2.913,-2.754,69.32,68.9,1.918,2.377,2.523,3.136,290.4,1005.401,49.83,63.35,292.8,259.7,-2.851,-3.708
"2026-03-18 07:58:00",843,13.45,-2.975,-2.872,69.47,69.62,1.634,2.463,2.523,3.234,263.8,1005.35,46.34,58.42,291.6,255.9,-2.883,-3.834
"2026-03-18 07:59:00",844,13.37,-3.069,-2.929,69.54,68.65,2.113,2.814,2.574,3.626,264.3,1005.283,45.84,57.2,291,258.1,-2.939,-3.988
"2026-03-18 08:00:00",845,13.45,-3.097,-2.915,69.7,69,2.132,2.996,2.78,3.626,260.4,1005.251,53.35,65.83,291.1,261.4,-2.959,-4.076
"2026-03-18 08:01:00",846,13.45,-3.157,-2.944,69.75,69.01,2.359,3.186,2.831,3.626,262.5,1005.198,58.14,71.57,291,261.9,-2.979,-4.126
"2026-03-18 08:02:00",847,13.45,-3.181,-2.971,69.72,68.81,2.093,2.696,2.42,3.136,266.7,1005.167,67.21,82.6,291.1,260.3,-2.969,-4.159
"2026-03-18 08:03:00",848,13.45,-3.179,-3.015,69.45,69.08,1.8,2.716,2.471,3.234,262.8,1005.165,70.3,85.6,290.7,256.1,-2.934,-4.154
"2026-03-18 08:04:00",849,13.45,-3.223,-3.034,69.55,68.15,2.085,2.719,2.471,3.332,270,1005.141,74.58,90.3,289.8,249.7,-2.919,-4.172
"2026-03-18 08:05:00",850,13.38,-3.281,-3.038,69.65,68.31,1.845,2.707,2.42,3.528,266,1005.114,66.76,82.1,289.1,245.6,-2.922,-4.258
"2026-03-18 08:06:00",851,13.45,-3.321,-3.034,69.62,68.63,2.264,3.037,2.677,3.724,274.8,1005.064,53.48,67.34,288.7,245,-2.949,-4.328
"2026-03-18 08:07:00",852,13.45,-3.32,-3.071,69.49,68.49,2.036,2.911,2.625,3.43,277,1005.041,56.67,70.31,288.2,241.2,-3.007,-4.364
"2026-03-18 08:08:00",853,13.45,-3.334,-3.037,69.46,67.81,2.293,3.093,3.037,3.822,278.5,1004.998,71.46,86.1,287,233,-3.044,-4.45
"2026-03-18 08:09:00",854,13.45,-3.274,-3.011,69.12,68.32,2.092,3.101,2.574,3.528,285.3,1004.971,71.96,84.7,285.8,226.7,-3.046,-4.484
"2026-03-18 08:10:00",855,13.45,-3.344,-3.074,69.53,68.94,1.931,2.656,2.265,3.234,292.8,1004.953,68.73,80.1,284.7,224.2,-3.09,-4.66
"2026-03-18 08:11:00",856,13.37,-3.39,-3.103,69.46,68.29,1.807,2.523,2.162,2.744,280.2,1004.901,69.55,80.5,283.2,223,-3.13,-4.912
"2026-03-18 08:12:00",857,13.45,-3.366,-3.067,68.8,67.79,2.04,3.229,2.78,3.92,277.2,1004.856,73.13,84.3,283.4,222.1,-3.092,-4.989
"2026-03-18 08:13:00",858,13.45,-3.37,-3.051,68.82,67.68,2.266,3.11,2.883,3.626,273.1,1004.894,75.07,86.8,282.9,221.9,-3.108,-4.971
"2026-03-18 08:14:00",859,13.37,-3.39,-3.065,68.76,67.58,1.627,2.259,2.265,2.842,262.1,1004.922,76.17,88.4,282.6,222,-3.106,-5.065
"2026-03-18 08:15:00",860,13.45,-3.427,-3.158,67.88,67.14,0.806,1.842,1.133,2.254,264.2,1004.961,79.01,91.9,281.1,221.9,-3.081,-5.253
"2026-03-18 08:16:00",861,13.45,-3.609,-3.319,68.94,68.62,1.874,2.836,2.574,3.332,252.8,1004.954,80.5,93.8,280.4,221.7,-3.07,-5.395
"2026-03-18 08:17:00",862,13.45,-3.618,-3.337,68.67,68.24,1.984,2.585,2.831,3.234,258.4,1004.921,83.7,97.9,280.7,221.1,-3.091,-5.457
"2026-03-18 08:18:00",863,13.45,-3.617,-3.378,68.32,68.31,1.644,2.365,2.214,2.94,267.3,1004.904,81.5,94.9,281.1,220.9,-3.074,-5.432
"2026-03-18 08:19:00",864,13.35,-3.675,-3.451,68.36,68.69,1.348,2.239,2.008,2.744,254.4,1004.906,80.4,92.8,280.4,220.6,-3.072,-5.496
"2026-03-18 08:20:00",865,13.37,-3.762,-3.545,68.31,67.94,1.09,2.007,1.596,2.744,271.4,1004.872,79.88,92,279.8,219,-3.076,-5.54
"2026-03-18 08:21:00",866,13.45,-3.854,-3.635,69.16,69.07,2.253,3.023,3.346,3.724,265.8,1004.794,82.4,94.8,279.9,218.1,-3.122,-5.558
"2026-03-18 08:22:00",867,13.45,-3.86,-3.611,67.95,67.99,1.534,2.482,2.059,3.136,274.5,1004.768,85.6,98.7,280.3,216.5,-3.142,-5.547
"2026-03-18 08:23:00",868,13.45,-4.019,-3.69,70,69.15,2.283,3.221,3.552,4.214,263.8,1004.759,86.5,100.1,279.3,216.4,-3.214,-5.708
"2026-03-18 08:24:00",869,13.45,-3.771,-3.441,68.7,67.85,2.031,2.806,2.883,3.626,283.7,1004.769,86.5,99.8,280,215.5,-3.162,-5.591
"2026-03-18 08:25:00",870,13.45,-3.64,-3.433,68.08,68.12,1.733,2.5,2.728,3.92,269.3,1004.766,85.7,98.9,279.8,214.9,-3.135,-5.456
"2026-03-18 08:26:00",871,13.45,-3.613,-3.462,67.33,67.64,1.611,2.429,2.368,3.136,274.5,1004.74,86.5,99.7,279.5,215.1,-3.106,-5.388
"2026-03-18 08:27:00",872,13.45,-3.638,-3.415,67.73,66.93,1.62,2.413,2.728,3.528,272.6,1004.706,87.2,100.9,279.7,215.3,-3.071,-5.359
"2026-03-18 08:28:00",873,13.45,-3.634,-3.421,67.4,67.57,2.295,3.537,3.449,4.214,272.9,1004.678,83.2,96.5,279.4,215.9,-3.063,-5.311
"2026-03-18 08:29:00",874,13.45,-3.608,-3.216,67,65.54,2.714,3.756,3.295,4.214,271.9,1004.623,67.94,78.23,280.7,216.1,-3.097,-5.399
"2026-03-18 08:30:00",875,13.45,-3.566,-3.154,67.13,65.13,3.125,4.077,4.015,4.704,286,1004.581,63.79,74.3,280.9,216,-3.165,-5.401
"2026-03-18 08:31:00",876,13.45,-3.494,-3.086,66.34,65.14,2.719,3.361,3.552,3.92,280,1004.572,57.26,66.51,280.9,216.1,-3.257,-5.357
"2026-03-18 08:32:00",877,13.45,-3.482,-3.08,66.37,65.15,2.384,3.098,2.934,3.626,291.1,1004.557,40.61,47.74,280.7,217,-3.343,-5.447
