"TOA5","CR1000_Layla","CR1000","6316","CR1000.Std.32.07","CPU:mini_AWS_Layla.CR1","33852","Res_data_1_min"
"TIMESTAMP","RECORD","BattV","temperature","rel_humidity","wind_speed","gust_speed","wind_direction","air_pressure","SWup","SWdown","LWup","LWdown","surface_brightness_temperature","IRup_body_temperature","sky_brightness_temperature","IRdown_body_temperature"
"TS","RN","Volts","degC","%","m/s","m/s","deg","hPa","W/m^2","W/m^2","W/m^2","W/m^2","degC","degC","degC","degC"
"","","Min","Avg","Smp","Avg","Max","Smp","Smp","Avg","Avg","Avg","Avg","Avg","Avg","Avg","Avg"
"2026-03-19 12:19:00",2487,12.53,"NAN","NAN",0,0,0,992.2324,58.07,71.49,293.1,289.6,-5.003,-2.99,-5.819,-1.819
"2026-03-19 12:20:00",2488,12.52,"NAN","NAN",0,0,0,992.2316,57.51,70.81,293.2,289.7,-4.995,-2.988,-5.786,-1.828
"2026-03-19 12:21:00",2489,12.52,"NAN","NAN",0,0,0,992.2375,56.51,69.72,293.3,289.8,-4.97,-2.986,-5.76,-1.837
"2026-03-19 12:22:00",2490,12.52,"NAN","NAN",0,0,0,992.3147,56.01,69.12,293.3,290,-4.967,-2.983,-5.735,-1.845
"2026-03-19 12:23:00",2491,12.53,"NAN","NAN",0,0,0,992.3862,56.04,69.16,293.3,290.2,-4.955,-2.979,-5.685,-1.853
"2026-03-19 12:24:00",2492,12.54,"NAN","NAN",0,0,0,992.382,56.5,69.78,293.4,290.4,-4.938,-2.972,-5.621,-1.859
"2026-03-19 12:25:00",2493,12.55,"NAN","NAN",0,0,0,992.3719,57.56,71.08,293.6,290.6,-4.908,-2.964,-5.586,-1.865
"2026-03-19 12:27:00",2494,12.55,"NAN","NAN",0,0,0,992.2939,59.54,73.61,293.7,291.1,-4.871,-2.945,-5.468,-1.869
"2026-03-19 12:28:00",2495,12.55,"NAN","NAN",0,0,0,992.3562,59.21,73.32,293.7,291.4,-4.871,-2.934,-5.41,-1.868
"2026-03-19 12:29:00",2496,12.55,"NAN","NAN",0,0,0,992.3579,57.88,71.59,293.7,291.5,-4.882,-2.923,-5.373,-1.866
"2026-03-19 12:30:00",2497,12.55,"NAN","NAN",0,0,0,992.3594,56.29,69.49,293.9,291.6,-4.826,-2.911,-5.346,-1.864
"2026-03-19 12:31:00",2498,12.55,"NAN","NAN",0,0,0,992.3605,55.44,68.17,294,292,-4.817,-2.898,-5.265,-1.86
"2026-03-19 12:32:00",2499,12.55,"NAN","NAN",0,0,0,992.3547,54.88,67.51,294,292.2,-4.799,-2.883,-5.219,-1.856
"2026-03-19 12:33:00",2500,12.55,"NAN","NAN",0,0,0,992.3463,54.99,67.73,294.1,292.4,-4.794,-2.869,-5.168,-1.852
"2026-03-19 12:34:00",2501,12.55,"NAN","NAN",0,0,0,992.3501,55.21,68.06,294,292.4,-4.799,-2.854,-5.161,-1.847
"2026-03-19 12:35:00",2502,12.55,"NAN","NAN",0,0,0,992.3463,54.92,67.73,294.2,292.5,-4.752,-2.839,-5.147,-1.841
"2026-03-19 12:36:00",2503,12.55,"NAN","NAN",0,0,0,992.3434,53.85,66.41,294.3,292.9,-4.731,-2.823,-5.065,-1.835
"2026-03-19 12:37:00",2504,12.55,"NAN","NAN",0,0,0,992.4913,52.04,64.38,294.4,292.9,-4.718,-2.808,-5.069,-1.829
"2026-03-19 12:38:00",2505,12.55,"NAN","NAN",0,0,0,992.4868,50.56,62.5,294.4,292.9,-4.725,-2.792,-5.064,-1.823
"2026-03-19 12:39:00",2506,12.55,"NAN","NAN",0,0,0,992.4869,49.28,60.97,294.5,293.1,-4.687,-2.777,-5.019,-1.817
"2026-03-19 12:40:00",2507,12.55,"NAN","NAN",0,0,0,992.5583,48.51,59.83,294.5,293.2,-4.693,-2.763,-4.982,-1.811
"2026-03-19 12:41:00",2508,12.56,"NAN","NAN",0,0,0,992.6158,47.71,58.83,294.4,293.3,-4.723,-2.749,-4.956,-1.806
"2026-03-19 12:42:00",2509,12.55,"NAN","NAN",0,0,0,992.6137,47.28,58.33,294.5,293.7,-4.703,-2.736,-4.885,-1.802
"2026-03-19 12:43:00",2510,12.56,"NAN","NAN",0,0,0,992.6121,46.95,58.01,294.6,293.7,-4.676,-2.723,-4.87,-1.797
"2026-03-19 12:44:00",2511,12.56,"NAN","NAN",0,0,0,992.6039,46.56,57.43,294.5,293.8,-4.69,-2.711,-4.85,-1.793
"2026-03-19 12:45:00",2512,12.56,"NAN","NAN",0,0,0,992.7411,45.83,56.42,294.5,293.8,-4.689,-2.699,-4.85,-1.788
"2026-03-19 12:46:00",2513,12.56,"NAN","NAN",0,0,0,992.7294,44.99,55.26,294.6,293.8,-4.679,-2.687,-4.845,-1.784
"2026-03-19 12:47:00",2514,12.56,"NAN","NAN",0,0,0,992.7252,44.4,54.46,294.6,293.7,-4.674,-2.678,-4.877,-1.781
"2026-03-19 12:48:00",2515,12.56,"NAN","NAN",0,0,0,992.7152,44.33,54.33,294.6,293.6,-4.67,-2.671,-4.889,-1.779
"2026-03-19 12:49:00",2516,12.56,"NAN","NAN",0,0,0,992.7206,44.79,54.88,294.5,293.4,-4.683,-2.665,-4.952,-1.778
"2026-03-19 12:50:00",2517,12.56,"NAN","NAN",0,0,0,992.7183,45.48,55.88,294.3,293.3,-4.728,-2.659,-4.96,-1.777
"2026-03-19 12:51:00",2518,12.56,"NAN","NAN",0,0,0,992.7848,46.22,56.91,294.3,293.4,-4.733,-2.652,-4.939,-1.776
"2026-03-19 12:52:00",2519,12.56,"NAN","NAN",0,0,0,992.7135,46.68,57.54,294.3,293.5,-4.731,-2.644,-4.925,-1.774
"2026-03-19 12:53:00",2520,12.56,"NAN","NAN",0,0,0,992.7125,47.01,57.88,294.3,293.6,-4.732,-2.638,-4.904,-1.771
"2026-03-19 12:54:00",2521,12.56,"NAN","NAN",0,0,0,992.7051,47.05,58.07,294.3,293.6,-4.728,-2.631,-4.907,-1.769
"2026-03-19 12:55:00",2522,12.56,"NAN","NAN",0,0,0,992.7057,47.05,58.06,294.5,293.7,-4.693,-2.624,-4.875,-1.766
"2026-03-19 12:56:00",2523,12.56,"NAN","NAN",0,0,0,992.7748,46.79,57.93,294.5,293.6,-4.697,-2.616,-4.889,-1.762
"2026-03-19 12:57:00",2524,12.56,"NAN","NAN",0,0,0,992.8438,46.71,57.75,294.5,293.9,-4.7,-2.608,-4.823,-1.758
"2026-03-19 12:58:00",2525,12.56,"NAN","NAN",0,0,0,992.8441,46.68,57.52,294.6,294,-4.672,-2.6,-4.796,-1.753
"2026-03-19 12:59:00",2526,12.56,"NAN","NAN",0,0,0,992.9077,46.71,57.52,294.6,294.1,-4.667,-2.592,-4.791,-1.748
"2026-03-19 13:00:00",2527,12.56,"NAN","NAN",0,0,0,992.9156,46.78,57.75,294.7,294.1,-4.654,-2.584,-4.773,-1.743
"2026-03-19 13:01:00",2528,12.56,"NAN","NAN",0,0,0,992.9771,46.74,57.72,294.7,294.2,-4.647,-2.577,-4.758,-1.738
"2026-03-19 13:02:00",2529,12.55,"NAN","NAN",0,0,0,992.9781,46.56,57.35,294.8,294.1,-4.632,-2.568,-4.773,-1.732
"2026-03-19 13:03:00",2530,12.55,"NAN","NAN",0,0,0,992.9038,46.22,56.79,294.9,294.1,-4.6,-2.559,-4.789,-1.727
"2026-03-19 13:04:00",2531,12.56,"NAN","NAN",0,0,0,992.9743,45.71,56.15,294.8,294.2,-4.618,-2.552,-4.75,-1.722
"2026-03-19 13:05:00",2532,12.56,"NAN","NAN",0,0,0,992.9706,45.25,55.55,294.9,294.4,-4.607,-2.548,-4.722,-1.718
"2026-03-19 13:06:00",2533,12.56,"NAN","NAN",0,0,0,992.9662,44.99,55.16,294.8,294.4,-4.63,-2.543,-4.71,-1.713
"2026-03-19 13:07:00",2534,12.56,"NAN","NAN",0,0,0,992.9628,45.16,55.41,294.9,294.7,-4.606,-2.537,-4.641,-1.708
"2026-03-19 13:08:00",2535,12.56,"NAN","NAN",0,0,0,992.96,45.58,56.01,295,294.9,-4.58,-2.53,-4.598,-1.703
"2026-03-19 13:09:00",2536,12.56,"NAN","NAN",0,0,0,992.9645,46.18,56.77,295.1,295,-4.567,-2.522,-4.571,-1.697
"2026-03-19 13:10:00",2537,12.56,"NAN","NAN",0,0,0,992.9614,46.78,57.58,295.1,295.2,-4.553,-2.512,-4.535,-1.69
"2026-03-19 13:11:00",2538,12.55,"NAN","NAN",0,0,0,992.9656,47.61,58.65,295.2,295.3,-4.524,-2.501,-4.505,-1.682
"2026-03-19 13:12:00",2539,12.55,"NAN","NAN",0,0,0,992.9596,48.62,60.06,295.3,295.4,-4.513,-2.489,-4.499,-1.673
"2026-03-19 13:13:00",2540,12.55,"NAN","NAN",0,0,0,992.9575,49.75,61.6,295.3,295.3,-4.519,-2.475,-4.507,-1.662
"2026-03-19 13:14:00",2541,12.55,"NAN","NAN",0,0,0,992.8873,50.64,62.75,295.4,295.1,-4.486,-2.462,-4.557,-1.651
"2026-03-19 13:15:00",2542,12.55,"NAN","NAN",0,0,0,992.8175,50.83,63.06,295.5,294.9,-4.461,-2.451,-4.594,-1.64
"2026-03-19 13:16:00",2543,12.55,"NAN","NAN",0,0,0,992.8163,50.56,62.59,295.3,294.9,-4.507,-2.442,-4.591,-1.628
"2026-03-19 13:17:00",2544,12.55,"NAN","NAN",0,0,0,992.884,49.75,61.42,295.4,295,-4.498,-2.435,-4.577,-1.617
"2026-03-19 13:18:00",2545,12.55,"NAN","NAN",0,0,0,992.8881,48.8,60.06,295.5,295.2,-4.47,-2.428,-4.536,-1.607
"2026-03-19 13:19:00",2546,12.55,"NAN","NAN",0,0,0,992.8181,48.11,59.06,295.4,295.3,-4.489,-2.42,-4.52,-1.596
"2026-03-19 13:20:00",2547,12.55,"NAN","NAN",0,0,0,992.9538,47.74,58.58,295.4,295.1,-4.48,-2.411,-4.559,-1.587
"2026-03-19 13:21:00",2548,12.55,"NAN","NAN",0,0,0,992.9528,47.81,58.65,295.4,295,-4.489,-2.401,-4.579,-1.577
"2026-03-19 13:22:00",2549,12.55,"NAN","NAN",0,0,0,992.952,48.19,59.11,295.4,295,-4.497,-2.393,-4.587,-1.567
"2026-03-19 13:23:00",2550,12.55,"NAN","NAN",0,0,0,992.8145,48.64,59.7,295.4,295,-4.477,-2.385,-4.569,-1.557
"2026-03-19 13:24:00",2551,12.55,"NAN","NAN",0,0,0,992.814,49.17,60.23,295.5,295.2,-4.454,-2.378,-4.529,-1.548
"2026-03-19 13:25:00",2552,12.55,"NAN","NAN",0,0,0,992.8132,49.53,60.72,295.6,295.3,-4.451,-2.372,-4.501,-1.538
"2026-03-19 13:26:00",2553,12.55,"NAN","NAN",0,0,0,992.813,49.51,60.69,295.7,295.6,-4.427,-2.365,-4.433,-1.53
"2026-03-19 13:27:00",2554,12.55,"NAN","NAN",0,0,0,992.8195,49.01,60.04,295.7,295.7,-4.424,-2.358,-4.424,-1.521
"2026-03-19 13:28:00",2555,12.55,"NAN","NAN",0,0,0,992.818,48.12,58.93,295.8,295.8,-4.4,-2.35,-4.391,-1.512
"2026-03-19 13:29:00",2556,12.55,"NAN","NAN",0,0,0,992.8168,47.26,57.81,295.8,295.9,-4.386,-2.342,-4.372,-1.503
"2026-03-19 13:30:00",2557,12.55,"NAN","NAN",0,0,0,992.8159,46.58,57,295.8,295.9,-4.389,-2.333,-4.369,-1.494
"2026-03-19 13:31:00",2558,12.55,"NAN","NAN",0,0,0,992.8829,46.21,56.48,295.8,296,-4.405,-2.324,-4.355,-1.485
"2026-03-19 13:32:00",2559,12.55,"NAN","NAN",0,0,0,992.8824,45.98,56.15,295.9,296.1,-4.369,-2.314,-4.338,-1.475
"2026-03-19 13:33:00",2560,12.55,"NAN","NAN",0,0,0,992.8821,45.72,55.99,295.9,296.3,-4.382,-2.304,-4.292,-1.466
"2026-03-19 13:34:00",2561,12.55,"NAN","NAN",0,0,0,992.8817,45.69,55.98,295.8,296.3,-4.399,-2.294,-4.289,-1.455
"2026-03-19 13:35:00",2562,12.55,"NAN","NAN",0,0,0,992.95,45.88,56.14,295.9,296.3,-4.38,-2.284,-4.283,-1.445
"2026-03-19 13:36:00",2563,12.55,"NAN","NAN",0,0,0,992.9497,45.93,56.15,295.9,296.3,-4.364,-2.275,-4.288,-1.435
"2026-03-19 13:37:00",2564,12.55,"NAN","NAN",0,0,0,992.8811,45.68,56.15,296,296,-4.357,-2.266,-4.359,-1.424
"2026-03-19 13:38:00",2565,12.55,"NAN","NAN",0,0,0,992.8809,45.69,56.15,295.9,295.7,-4.366,-2.258,-4.42,-1.415
"2026-03-19 13:39:00",2566,12.55,"NAN","NAN",0,0,0,992.8808,45.93,56.37,295.9,295.3,-4.364,-2.252,-4.506,-1.406
"2026-03-19 13:40:00",2567,12.55,"NAN","NAN",0,0,0,992.8807,46.02,56.52,295.7,295.1,-4.413,-2.249,-4.567,-1.398
"2026-03-19 13:41:00",2568,12.55,"NAN","NAN",0,0,0,992.8807,46.09,56.67,295.7,294.8,-4.419,-2.248,-4.635,-1.39
"2026-03-19 13:42:00",2569,12.55,"NAN","NAN",0,0,0,992.9491,46.02,56.55,295.7,294.5,-4.424,-2.248,-4.701,-1.384
"2026-03-19 13:43:00",2570,12.55,"NAN","NAN",0,0,0,992.949,45.75,56.27,295.6,294.4,-4.435,-2.251,-4.72,-1.378
"2026-03-19 13:44:00",2571,12.55,"NAN","NAN",0,0,0,992.949,45.35,55.78,295.6,294.2,-4.45,-2.254,-4.771,-1.374
"2026-03-19 13:45:00",2572,12.55,"NAN","NAN",0,0,0,992.949,44.89,55.26,295.4,294.3,-4.491,-2.259,-4.742,-1.371
"2026-03-19 13:46:00",2573,12.55,"NAN","NAN",0,0,0,992.949,44.55,54.82,295.3,294.2,-4.501,-2.266,-4.762,-1.369
"2026-03-19 13:47:00",2574,12.55,"NAN","NAN",0,0,0,992.949,44.53,54.66,295.4,294.1,-4.495,-2.271,-4.794,-1.368
"2026-03-19 13:48:00",2575,12.55,"NAN","NAN",0,0,0,992.949,44.89,55.08,295.3,294.1,-4.515,-2.276,-4.786,-1.368
"2026-03-19 13:49:00",2576,12.55,"NAN","NAN",0,0,0,992.949,45.63,55.95,295.3,294.2,-4.517,-2.281,-4.757,-1.369
"2026-03-19 13:50:00",2577,12.55,"NAN","NAN",0,0,0,992.949,46.41,56.89,295.3,294.3,-4.507,-2.285,-4.745,-1.369
"2026-03-19 13:51:00",2578,12.55,"NAN","NAN",0,0,0,992.949,46.78,57.4,295.3,294.2,-4.505,-2.287,-4.76,-1.37
"2026-03-19 13:52:00",2579,12.55,"NAN","NAN",0,0,0,992.9557,46.79,57.21,295.4,294.2,-4.495,-2.289,-4.767,-1.37
"2026-03-19 13:53:00",2580,12.55,"NAN","NAN",0,0,0,992.9543,46.65,56.79,295.4,294.2,-4.491,-2.29,-4.767,-1.371
"2026-03-19 13:54:00",2581,12.55,"NAN","NAN",0,0,0,992.9532,46.36,56.39,295.4,294,-4.482,-2.292,-4.8,-1.373
"2026-03-19 13:55:00",2582,12.55,"NAN","NAN",0,0,0,992.9524,46.31,56.15,295.3,294,-4.51,-2.294,-4.815,-1.376
"2026-03-19 13:56:00",2583,12.55,"NAN","NAN",0,0,0,992.9517,45.99,55.86,295.3,293.8,-4.515,-2.295,-4.844,-1.38
"2026-03-19 13:57:00",2584,12.55,"NAN","NAN",0,0,0,992.9507,45.68,55.45,295.3,293.7,-4.512,-2.296,-4.869,-1.384
"2026-03-19 13:58:00",2585,12.55,"NAN","NAN",0,0,0,992.9504,45.3,54.93,295.4,293.8,-4.494,-2.297,-4.859,-1.388
"2026-03-19 13:59:00",2586,12.55,"NAN","NAN",0,0,0,992.8816,44.83,54.29,295.3,293.8,-4.499,-2.298,-4.85,-1.393
"2026-03-19 14:00:00",2587,12.55,"NAN","NAN",0,0,0,992.8129,44.25,53.53,295.3,293.7,-4.502,-2.298,-4.884,-1.398
"2026-03-19 14:01:00",2588,12.55,"NAN","NAN",0,0,0,992.8812,43.5,52.65,295.2,293.6,-4.529,-2.299,-4.909,-1.404
"2026-03-19 14:02:00",2589,12.55,"NAN","NAN",0,0,0,992.9495,42.76,51.74,295.2,293.5,-4.531,-2.301,-4.916,-1.41
"2026-03-19 14:03:00",2590,12.55,"NAN","NAN",0,0,0,992.8809,42.2,51.07,295.2,293.5,-4.524,-2.303,-4.924,-1.417
"2026-03-19 14:04:00",2591,12.55,"NAN","NAN",0,0,0,992.9492,42.03,50.86,295.2,293.4,-4.525,-2.305,-4.95,-1.425
"2026-03-19 14:05:00",2592,12.55,"NAN","NAN",0,0,0,992.8807,42.33,51.19,295.3,293.4,-4.506,-2.307,-4.933,-1.433
"2026-03-19 14:06:00",2593,12.55,"NAN","NAN",0,0,0,992.9491,42.93,51.94,295.3,293.4,-4.505,-2.309,-4.934,-1.44
"2026-03-19 14:07:00",2594,12.55,"NAN","NAN",0,0,0,992.9491,43.44,52.6,295.3,293.3,-4.516,-2.311,-4.972,-1.448
"2026-03-19 14:08:00",2595,12.55,"NAN","NAN",0,0,0,992.949,43.62,52.72,295.3,293.3,-4.505,-2.312,-4.96,-1.455
"2026-03-19 14:09:00",2596,12.55,"NAN","NAN",0,0,0,992.949,43.37,52.34,295.3,293.2,-4.506,-2.314,-4.985,-1.462
"2026-03-19 14:10:00",2597,12.55,"NAN","NAN",0,0,0,992.949,43,51.73,295.3,293.2,-4.506,-2.315,-4.987,-1.468
"2026-03-19 14:11:00",2598,12.55,"NAN","NAN",0,0,0,992.949,42.63,51.19,295.3,293.2,-4.511,-2.316,-4.99,-1.475
"2026-03-19 14:12:00",2599,12.55,"NAN","NAN",0,0,0,992.8805,42.47,50.8,295.3,293.1,-4.502,-2.317,-5.007,-1.482
"2026-03-19 14:13:00",2600,12.55,"NAN","NAN",0,0,0,992.8805,42.24,50.63,295.3,293,-4.504,-2.318,-5.033,-1.488
"2026-03-19 14:14:00",2601,12.55,"NAN","NAN",0,0,0,992.949,42.24,50.48,295.3,293,-4.505,-2.319,-5.032,-1.494
"2026-03-19 14:15:00",2602,12.55,"NAN","NAN",0,0,0,992.949,42.24,50.47,295.4,292.9,-4.498,-2.32,-5.065,-1.499
"2026-03-19 14:16:00",2603,12.55,"NAN","NAN",0,0,0,992.949,42.13,50.34,295.2,292.7,-4.523,-2.321,-5.112,-1.505
"2026-03-19 14:17:00",2604,12.55,"NAN","NAN",0,0,0,992.949,41.87,50.23,295.3,292.7,-4.517,-2.323,-5.107,-1.511
"2026-03-19 14:18:00",2605,12.55,"NAN","NAN",0,0,0,992.949,41.46,49.71,295.4,292.6,-4.494,-2.326,-5.126,-1.516
"2026-03-19 14:19:00",2606,12.55,"NAN","NAN",0,0,0,992.8805,41.23,49.37,295.3,292.6,-4.517,-2.327,-5.138,-1.522
"2026-03-19 14:20:00",2607,12.55,"NAN","NAN",0,0,0,992.949,41.21,49.31,295.3,292.6,-4.506,-2.328,-5.135,-1.527
"2026-03-19 14:21:00",2608,12.55,"NAN","NAN",0,0,0,992.949,41.56,49.83,295.2,292.6,-4.531,-2.328,-5.134,-1.531
"2026-03-19 14:22:00",2609,12.55,"NAN","NAN",0,0,0,992.949,41.98,50.43,295.2,292.5,-4.524,-2.329,-5.151,-1.536
"2026-03-19 14:23:00",2610,12.55,"NAN","NAN",0,0,0,992.949,42.67,51.3,295.3,292.5,-4.509,-2.331,-5.143,-1.541
"2026-03-19 14:24:00",2611,12.55,"NAN","NAN",0,0,0,992.949,43.74,52.52,295.4,292.5,-4.499,-2.333,-5.156,-1.546
"2026-03-19 14:25:00",2612,12.55,"NAN","NAN",0,0,0,992.949,45.13,54.16,295.3,292.3,-4.521,-2.334,-5.194,-1.549
"2026-03-19 14:26:00",2613,12.55,"NAN","NAN",0,0,0,992.949,47.38,56.88,295.3,292.3,-4.503,-2.335,-5.188,-1.552
"2026-03-19 14:27:00",2614,12.55,"NAN","NAN",0,0,0,992.949,50.56,60.52,295.5,292.3,-4.476,-2.335,-5.187,-1.553
"2026-03-19 14:28:00",2615,12.55,"NAN","NAN",0,0,0,992.8805,57.05,68.16,295.5,292.3,-4.472,-2.334,-5.206,-1.552
"2026-03-19 14:29:00",2616,12.55,"NAN","NAN",0,0,0,992.8121,72.28,86.2,295.7,292.6,-4.408,-2.327,-5.13,-1.543
"2026-03-19 14:30:00",2617,12.55,"NAN","NAN",0,0,0,992.8121,78.33,93.2,296.1,293,-4.332,-2.311,-5.035,-1.52
"2026-03-19 14:31:00",2618,12.55,"NAN","NAN",0,0,0,992.8121,82.8,98.2,296.5,293.4,-4.242,-2.285,-4.938,-1.481
"2026-03-19 14:32:00",2619,12.55,"NAN","NAN",0,0,0,992.8121,84.6,100.5,296.8,293.8,-4.162,-2.249,-4.846,-1.423
"2026-03-19 14:33:00",2620,12.55,"NAN","NAN",0,0,0,992.8121,84.5,100.5,297.1,294.3,-4.097,-2.201,-4.749,-1.35
"2026-03-19 14:34:00",2621,12.55,"NAN","NAN",0,0,0,992.8121,82.4,98.3,297.3,294.4,-4.061,-2.144,-4.706,-1.262
"2026-03-19 14:35:00",2622,12.55,"NAN","NAN",0,0,0,992.8121,78.14,92.9,297.4,294.5,-4.024,-2.081,-4.702,-1.164
"2026-03-19 14:36:00",2623,12.55,"NAN","NAN",0,0,0,992.8121,70.1,82.7,297.4,294.4,-4.028,-2.017,-4.715,-1.06
"2026-03-19 14:37:00",2624,12.55,"NAN","NAN",0,0,0,992.8121,46.42,53.88,297,293.9,-4.114,-1.954,-4.825,-0.957
"2026-03-19 14:38:00",2625,12.55,"NAN","NAN",0,0,0,992.8121,41.7,47.62,296.7,293.4,-4.184,-1.899,-4.954,-0.867
"2026-03-19 14:39:00",2626,12.55,"NAN","NAN",0,0,0,992.7437,38.89,43.97,296.3,292.5,-4.274,-1.853,-5.142,-0.792
"2026-03-19 14:40:00",2627,12.55,"NAN","NAN",0,0,0,992.6752,57.84,66.2,296.2,291.7,-4.305,-1.816,-5.331,-0.732
"2026-03-19 14:41:00",2628,12.55,"NAN","NAN",0,0,0,992.6752,65.68,75.38,296.3,291.4,-4.281,-1.78,-5.413,-0.675
"2026-03-19 14:42:00",2629,12.55,"NAN","NAN",0,0,0,992.6752,62.18,71.05,296.4,291,-4.255,-1.742,-5.486,-0.614
"2026-03-19 14:43:00",2630,12.55,"NAN","NAN",0,0,0,992.6752,58.83,66.93,296.4,290.5,-4.266,-1.704,-5.608,-0.548
"2026-03-19 14:44:00",2631,12.55,"NAN","NAN",0,0,0,992.6752,57.53,65.34,296.4,290.2,-4.269,-1.666,-5.675,-0.482
"2026-03-19 14:45:00",2632,12.55,"NAN","NAN",0,0,0,992.6067,58.33,66.34,296.3,289.8,-4.277,-1.626,-5.776,-0.414
"2026-03-19 14:46:00",2633,12.55,"NAN","NAN",0,0,0,992.6752,60.7,69.16,296.3,289.4,-4.276,-1.583,-5.862,-0.345
"2026-03-19 14:47:00",2634,12.55,"NAN","NAN",0,0,0,992.6067,56.58,64.69,296.2,289,-4.306,-1.537,-5.949,-0.273
"2026-03-19 14:48:00",2635,12.55,"NAN","NAN",0,0,0,992.6067,43.11,48.95,295.8,288.7,-4.397,-1.496,-6.031,-0.202
"2026-03-19 14:49:00",2636,12.55,"NAN","NAN",0,0,0,992.6752,31.12,34.64,295.4,288,-4.489,-1.466,-6.194,-0.141
"2026-03-19 14:50:00",2637,12.55,"NAN","NAN",0,0,0,992.6752,26.5,29.29,294.8,287,-4.618,-1.447,-6.421,-0.098
"2026-03-19 14:51:00",2638,12.55,"NAN","NAN",0,0,0,992.6752,25.64,28.3,294.5,286.3,-4.695,-1.44,-6.577,-0.076
"2026-03-19 14:52:00",2639,12.55,"NAN","NAN",0,0,0,992.6752,24.98,27.56,293.8,285.4,-4.848,-1.446,-6.783,-0.072
"2026-03-19 14:53:00",2640,12.55,"NAN","NAN",0,0,0,992.6752,24.83,27.29,293.5,284.5,-4.912,-1.466,-6.991,-0.086
"2026-03-19 14:54:00",2641,12.55,"NAN","NAN",0,0,0,992.6752,24.8,27.23,293.1,283.8,-5.012,-1.498,-7.159,-0.116
"2026-03-19 14:55:00",2642,12.55,"NAN","NAN",0,0,0,992.6752,24.1,26.5,292.6,283.1,-5.122,-1.539,-7.319,-0.16
"2026-03-19 14:56:00",2643,12.55,"NAN","NAN",0,0,0,992.8121,23.18,25.49,292.4,282.4,-5.183,-1.589,-7.492,-0.215
"2026-03-19 14:57:00",2644,12.55,"NAN","NAN",0,0,0,992.8187,22.15,24.31,292,282,-5.266,-1.647,-7.585,-0.282
"2026-03-19 14:58:00",2645,12.55,"NAN","NAN",0,0,0,992.8174,21.54,23.61,291.7,281.4,-5.343,-1.71,-7.738,-0.358
"2026-03-19 14:59:00",2646,12.55,"NAN","NAN",0,0,0,992.8982,21.24,23.28,291.4,280.8,-5.406,-1.779,-7.865,-0.441
"2026-03-19 15:00:00",2647,12.55,"NAN","NAN",0,0,0,992.9698,20.85,22.85,291.1,280.2,-5.479,-1.853,-8.01,-0.533
"2026-03-19 15:01:00",2648,12.55,"NAN","NAN",0,0,0,992.9039,20.53,22.52,290.7,279.7,-5.557,-1.931,-8.12,-0.632
"2026-03-19 15:02:00",2649,12.55,"NAN","NAN",0,0,0,992.9882,20.26,22.21,290.4,279.1,-5.627,-2.014,-8.27,-0.736
"2026-03-19 15:03:00",2650,12.55,"NAN","NAN",0,0,0,992.9938,20.05,21.94,290.1,278.5,-5.703,-2.1,-8.42,-0.845
"2026-03-19 15:04:00",2651,12.55,"NAN","NAN",0,0,0,992.9365,19.68,21.58,289.8,277.7,-5.759,-2.189,-8.6,-0.958
"2026-03-19 15:05:00",2652,12.56,"NAN","NAN",0,0,0,993.0072,19.29,21.09,289.4,277,-5.866,-2.281,-8.76,-1.073
"2026-03-19 15:06:00",2653,12.56,"NAN","NAN",0,0,0,993.0022,18.75,20.49,289.1,276.4,-5.931,-2.377,-8.91,-1.192
"2026-03-19 15:07:00",2654,12.56,"NAN","NAN",0,0,0,993.0117,18.26,19.93,288.7,275.8,-6.031,-2.476,-9.05,-1.315
"2026-03-19 15:08:00",2655,12.56,"NAN","NAN",0,0,0,993.0261,17.86,19.48,288.2,275.2,-6.134,-2.579,-9.21,-1.442
"2026-03-19 15:09:00",2656,12.56,"NAN","NAN",0,0,0,993.0466,17.33,18.92,287.9,274.7,-6.209,-2.685,-9.31,-1.571
"2026-03-19 15:10:00",2657,12.56,"NAN","NAN",0,0,0,993.0473,16.91,18.46,287.7,274.3,-6.264,-2.792,-9.42,-1.701
"2026-03-19 15:11:00",2658,12.56,"NAN","NAN",0,0,0,993.0546,16.66,18.17,287.4,273.9,-6.324,-2.899,-9.51,-1.833
"2026-03-19 15:12:00",2659,12.56,"NAN","NAN",0,0,0,993.0603,16.41,17.96,287.1,273.3,-6.397,-3.008,-9.65,-1.965
"2026-03-19 15:13:00",2660,12.56,"NAN","NAN",0,0,0,993.0649,15.91,17.49,286.7,272.7,-6.493,-3.119,-9.8,-2.098
"2026-03-19 15:14:00",2661,12.56,"NAN","NAN",0,0,0,993.0686,15.23,17.02,286.1,272,-6.634,-3.23,-9.99,-2.234
"2026-03-19 15:15:00",2662,12.55,"NAN","NAN",0,0,0,993.0739,15.16,17,285.7,271.3,-6.729,-3.344,-10.14,-2.371
"2026-03-19 15:16:00",2663,12.55,"NAN","NAN",0,0,0,993.0758,14.98,16.69,285.5,270.9,-6.778,-3.458,-10.24,-2.512
"2026-03-19 15:17:00",2664,12.55,"NAN","NAN",0,0,0,993.0773,14.84,16.33,284.2,269.8,-7.066,-3.571,-10.5,-2.653
"2026-03-19 15:18:00",2665,12.55,"NAN","NAN",0,0,0,993.0785,14.33,15.67,281.8,268.5,-7.64,-3.708,-10.82,-2.82
"2026-03-19 15:19:00",2666,12.55,"NAN","NAN",0,0,0,993.0795,14.5,15.64,281,268,-7.812,-3.869,-10.94,-3
"2026-03-19 15:20:00",2667,12.55,"NAN","NAN",0,0,0,993.1487,14.98,16.31,280.7,267.5,-7.895,-4.024,-11.08,-3.167
"2026-03-19 15:21:00",2668,12.55,"NAN","NAN",0,0,0,993.0809,15.28,16.31,280.3,267.2,-7.981,-4.191,-11.15,-3.359
"2026-03-19 15:22:00",2669,12.55,"NAN","NAN",0,0,0,993.0818,15.28,16.31,279.9,266.4,-8.07,-4.356,-11.33,-3.537
"2026-03-19 15:23:00",2670,12.55,"NAN","NAN",0,0,0,993.0821,15.28,16.32,279.4,266,-8.21,-4.525,-11.44,-3.725
"2026-03-19 15:24:00",2671,12.55,"NAN","NAN",0,0,0,993.0823,14.87,16.1,278.6,265.3,-8.38,-4.703,-11.62,-3.922
"2026-03-19 15:25:00",2672,12.55,"NAN","NAN",0,0,0,993.0825,14.61,15.36,277.3,264.5,-8.69,-4.909,-11.8,-4.144
"2026-03-19 15:26:00",2673,12.55,"NAN","NAN",0,0,0,993.0828,14.77,15.77,277.6,264.6,-8.64,-5.13,-11.79,-4.362
"2026-03-19 15:27:00",2674,12.55,"NAN","NAN",0,0,0,993.0829,15.4,16.3,277.7,264.2,-8.6,-5.327,-11.87,-4.563
"2026-03-19 15:28:00",2675,12.55,"NAN","NAN",0,0,0,993.083,16.46,17.16,277.1,264,-8.75,-5.526,-11.93,-4.765
"2026-03-19 15:29:00",2676,12.55,"NAN","NAN",0,0,0,993.0831,16.37,17.05,276.9,263.9,-8.79,-5.726,-11.96,-4.955
"2026-03-19 15:30:00",2677,12.55,"NAN","NAN",0,0,0,993.0831,16.26,17.46,277,263.5,-8.77,-5.899,-12.06,-5.139
"2026-03-19 15:31:00",2678,12.55,"NAN","NAN",0,0,0,993.0832,16.12,17.45,277.3,263.3,-8.71,-6.048,-12.11,-5.301
"2026-03-19 15:32:00",2679,12.55,"NAN","NAN",0,0,0,993.0833,15.49,16.57,276.7,262.7,-8.84,-6.203,-12.24,-5.455
"2026-03-19 15:33:00",2680,12.55,"NAN","NAN",0,0,0,993.0833,14.11,14.53,277.2,262.4,-8.73,-6.364,-12.33,-5.614
"2026-03-19 15:34:00",2681,12.55,"NAN","NAN",0,0,0,993.0833,13.68,14.86,277,262.1,-8.78,-6.5,-12.4,-5.759
"2026-03-19 15:35:00",2682,12.55,"NAN","NAN",0,0,0,993.0833,13.8,14.81,276.2,261.7,-8.97,-6.674,-12.51,-5.924
"2026-03-19 15:36:00",2683,12.55,"NAN","NAN",0,0,0,993.0833,14.57,16.13,276,261.8,-9,-6.824,-12.48,-6.086
"2026-03-19 15:37:00",2684,12.55,"NAN","NAN",0,0,0,992.9463,14.3,16.17,275.1,261.3,-9.22,-6.973,-12.59,-6.256
"2026-03-19 15:38:00",2685,12.55,"NAN","NAN",0,0,0,993.0833,13.83,15.8,275.4,261.3,-9.15,-7.12,-12.6,-6.413
"2026-03-19 15:39:00",2686,12.55,"NAN","NAN",0,0,0,993.0833,14.47,16.13,275.5,261.1,-9.13,-7.252,-12.66,-6.557
"2026-03-19 15:40:00",2687,12.55,"NAN","NAN",0,0,0,993.0833,14.91,16.56,275.6,260.9,-9.11,-7.372,-12.7,-6.69
"2026-03-19 15:41:00",2688,12.55,"NAN","NAN",0,0,0,993.0887,15.39,17.15,275.4,260.7,-9.16,-7.493,-12.74,-6.818
"2026-03-19 15:42:00",2689,12.55,"NAN","NAN",0,0,0,993.0876,15.79,17.65,275.4,260.8,-9.15,-7.608,-12.72,-6.945
"2026-03-19 15:43:00",2690,12.55,"NAN","NAN",0,0,0,993.0868,15.97,18.01,275.5,260.9,-9.14,-7.717,-12.7,-7.065
"2026-03-19 15:44:00",2691,12.55,"NAN","NAN",0,0,0,993.0929,15.97,18.01,275.5,261,-9.14,-7.824,-12.67,-7.183
"2026-03-19 15:45:00",2692,12.55,"NAN","NAN",0,0,0,993.0292,15.52,17.53,275.4,261.1,-9.16,-7.933,-12.66,-7.315
"2026-03-19 15:46:00",2693,12.55,"NAN","NAN",0,0,0,993.0398,14.77,16.66,275,261.1,-9.24,-8.05,-12.65,-7.464
"2026-03-19 15:47:00",2694,12.55,"NAN","NAN",0,0,0,993.0416,14,15.75,275.4,261.3,-9.15,-8.18,-12.61,-7.623
"2026-03-19 15:48:00",2695,12.55,"NAN","NAN",0,0,0,993.1301,13.37,14.99,276.4,261.9,-8.91,-8.29,-12.44,-7.776
"2026-03-19 15:49:00",2696,12.55,"NAN","NAN",0,0,0,993.1476,12.9,14.41,276.9,262.4,-8.79,-8.38,-12.32,-7.897
"2026-03-19 15:50:00",2697,12.54,"NAN","NAN",0,0,0,993.1617,12.58,14.19,277.2,262.9,-8.73,-8.46,-12.2,-8
"2026-03-19 15:51:00",2698,12.54,"NAN","NAN",0,0,0,993.173,12.54,14.11,277.1,263.5,-8.74,-8.53,-12.07,-8.08
"2026-03-19 15:52:00",2699,12.54,"NAN","NAN",0,0,0,993.182,12.65,14.29,277.3,263.6,-8.7,-8.58,-12.04,-8.14
"2026-03-19 15:53:00",2700,12.54,"NAN","NAN",0,0,0,993.1892,12.75,14.46,277,263.3,-8.77,-8.64,-12.1,-8.2
"2026-03-19 15:54:00",2701,12.54,"NAN","NAN",0,0,0,993.1996,12.54,14.4,276.7,263.7,-8.84,-8.7,-12,-8.29
"2026-03-19 15:55:00",2702,12.54,"NAN","NAN",0,0,0,993.2032,12.2,14.04,277.5,265.1,-8.64,-8.76,-11.66,-8.37
"2026-03-19 15:56:00",2703,12.55,"NAN","NAN",0,0,0,993.2062,11.71,13.44,278.6,266.4,-8.4,-8.8,-11.35,-8.43
"2026-03-19 15:57:00",2704,12.55,"NAN","NAN",0,0,0,993.2086,11.16,12.81,279.2,267.4,-8.24,-8.82,-11.1,-8.47
"2026-03-19 15:58:00",2705,12.55,"NAN","NAN",0,0,0,993.2104,10.68,12.25,279.6,268.4,-8.16,-8.84,-10.84,-8.51
"2026-03-19 15:59:00",2706,12.55,"NAN","NAN",0,0,0,993.2119,10.39,11.88,279.9,269.5,-8.08,-8.85,-10.58,-8.53
"2026-03-19 16:00:00",2707,12.55,"NAN","NAN",0,0,0,993.2131,10.13,11.74,280,270.3,-8.06,-8.85,-10.38,-8.54
"2026-03-19 16:01:00",2708,12.55,"NAN","NAN",0,0,0,993.2148,10.13,11.69,280.3,270.7,-7.992,-8.86,-10.29,-8.55
"2026-03-19 16:02:00",2709,12.55,"NAN","NAN",0,0,0,993.2155,10.13,11.85,280.5,271.1,-7.932,-8.85,-10.2,-8.56
"2026-03-19 16:03:00",2710,12.55,"NAN","NAN",0,0,0,993.079,10.13,11.85,280.6,271.5,-7.916,-8.85,-10.09,-8.56
"2026-03-19 16:04:00",2711,12.55,"NAN","NAN",0,0,0,993.1479,10.13,11.85,280.9,272,-7.854,-8.85,-9.98,-8.56
"2026-03-19 16:05:00",2712,12.55,"NAN","NAN",0,0,0,993.1482,10.13,11.85,281,272.5,-7.835,-8.84,-9.86,-8.56
"2026-03-19 16:06:00",2713,12.55,"NAN","NAN",0,0,0,993.1484,9.93,11.69,281.2,273,-7.772,-8.83,-9.73,-8.56
"2026-03-19 16:07:00",2714,12.55,"NAN","NAN",0,0,0,993.1489,9.75,11.48,281.5,273.6,-7.697,-8.82,-9.58,-8.55
"2026-03-19 16:08:00",2715,12.54,"NAN","NAN",0,0,0,993.0804,9.4,11.06,282,274.5,-7.581,-8.8,-9.36,-8.54
"2026-03-19 16:09:00",2716,12.54,"NAN","NAN",0,0,0,993.0806,8.96,10.56,282.5,275.4,-7.475,-8.77,-9.14,-8.52
"2026-03-19 16:10:00",2717,12.54,"NAN","NAN",0,0,0,993.0807,8.5,9.98,282.8,276.3,-7.398,-8.73,-8.93,-8.49
"2026-03-19 16:11:00",2718,12.54,"NAN","NAN",0,0,0,993.0807,8.02,9.36,283,277.1,-7.353,-8.68,-8.75,-8.46
"2026-03-19 16:12:00",2719,12.54,"NAN","NAN",0,0,0,993.0808,7.658,8.93,283.3,277.8,-7.279,-8.64,-8.59,-8.42
"2026-03-19 16:13:00",2720,12.54,"NAN","NAN",0,0,0,993.0808,7.357,8.56,283.5,278.3,-7.241,-8.59,-8.46,-8.38
"2026-03-19 16:14:00",2721,12.54,"NAN","NAN",0,0,0,993.0809,7.1,8.3,283.5,278.8,-7.229,-8.55,-8.35,-8.34
"2026-03-19 16:15:00",2722,12.54,"NAN","NAN",0,0,0,993.0809,6.985,8.06,283.6,279.1,-7.21,-8.5,-8.27,-8.3
"2026-03-19 16:16:00",2723,12.54,"NAN","NAN",0,0,0,993.0124,6.742,7.815,283.5,279.3,-7.246,-8.46,-8.22,-8.27
"2026-03-19 16:17:00",2724,12.54,"NAN","NAN",0,0,0,992.9438,6.699,7.729,283.5,279.4,-7.231,-8.42,-8.21,-8.23
"2026-03-19 16:18:00",2725,12.54,"NAN","NAN",0,0,0,992.9438,6.584,7.601,283.5,279.4,-7.245,-8.38,-8.19,-8.2
"2026-03-19 16:19:00",2726,12.54,"NAN","NAN",0,0,0,992.9438,6.398,7.4,283.6,279.6,-7.223,-8.34,-8.16,-8.17
"2026-03-19 16:20:00",2727,12.54,"NAN","NAN",0,0,0,992.9438,6.355,7.386,283.7,279.7,-7.193,-8.3,-8.14,-8.14
"2026-03-19 16:21:00",2728,12.54,"NAN","NAN",0,0,0,992.9438,6.355,7.372,283.7,279.9,-7.195,-8.27,-8.08,-8.11
"2026-03-19 16:22:00",2729,12.54,"NAN","NAN",0,0,0,992.9438,6.241,7.186,283.8,280,-7.174,-8.23,-8.05,-8.08
"2026-03-19 16:23:00",2730,12.54,"NAN","NAN",0,0,0,992.9438,6.098,7.043,283.9,280.2,-7.15,-8.2,-8.01,-8.04
"2026-03-19 16:24:00",2731,12.54,"NAN","NAN",0,0,0,992.8754,6.012,7.043,284,280.4,-7.119,-8.16,-7.975,-8.01
"2026-03-19 16:25:00",2732,12.54,"NAN","NAN",0,0,0,992.8069,6.012,7.043,284.1,280.5,-7.105,-8.13,-7.95,-7.983
"2026-03-19 16:26:00",2733,12.54,"NAN","NAN",0,0,0,992.8069,6.012,7.028,284.3,280.7,-7.052,-8.09,-7.898,-7.952
"2026-03-19 16:27:00",2734,12.54,"NAN","NAN",0,0,0,992.8069,6.012,6.899,284.1,280.8,-7.084,-8.06,-7.875,-7.92
"2026-03-19 16:28:00",2735,12.54,"NAN","NAN",0,0,0,992.8069,5.998,6.856,284.3,281.2,-7.044,-8.02,-7.778,-7.888
"2026-03-19 16:29:00",2736,12.54,"NAN","NAN",0,0,0,992.8069,5.883,6.699,284.3,281.3,-7.046,-7.984,-7.757,-7.855
"2026-03-19 16:30:00",2737,12.54,"NAN","NAN",0,0,0,992.8069,5.84,6.699,284.4,281.3,-7.015,-7.948,-7.748,-7.822
"2026-03-19 16:31:00",2738,12.54,"NAN","NAN",0,0,0,992.6699,5.668,6.699,284.4,281.4,-7.024,-7.911,-7.719,-7.788
"2026-03-19 16:32:00",2739,12.54,"NAN","NAN",0,0,0,992.6699,5.668,6.642,284.5,281.6,-7.008,-7.876,-7.69,-7.755
"2026-03-19 16:33:00",2740,12.54,"NAN","NAN",0,0,0,992.6699,5.668,6.455,284.4,281.6,-7.025,-7.841,-7.686,-7.723
"2026-03-19 16:34:00",2741,12.54,"NAN","NAN",0,0,0,992.6699,5.611,6.355,284.5,281.5,-7.01,-7.807,-7.703,-7.691
"2026-03-19 16:35:00",2742,12.54,"NAN","NAN",0,0,0,992.6699,5.497,6.355,284.4,281.4,-7.022,-7.773,-7.737,-7.661
"2026-03-19 16:36:00",2743,12.54,"NAN","NAN",0,0,0,992.6699,5.411,6.355,284.4,281.5,-7.029,-7.742,-7.71,-7.632
"2026-03-19 16:37:00",2744,12.54,"NAN","NAN",0,0,0,992.6699,5.497,6.355,284.3,281.2,-7.059,-7.713,-7.766,-7.606
"2026-03-19 16:38:00",2745,12.53,"NAN","NAN",0,0,0,992.8069,5.511,6.355,284.2,281.2,-7.068,-7.687,-7.782,-7.582
"2026-03-19 16:39:00",2746,12.54,"NAN","NAN",0,0,0,992.8069,5.668,6.355,284.2,281.1,-7.07,-7.663,-7.793,-7.561
"2026-03-19 16:40:00",2747,12.53,"NAN","NAN",0,0,0,992.8069,5.668,6.527,284.2,281,-7.073,-7.641,-7.835,-7.541
"2026-03-19 16:41:00",2748,12.53,"NAN","NAN",0,0,0,992.7384,5.668,6.527,284.2,280.9,-7.078,-7.62,-7.849,-7.522
"2026-03-19 16:42:00",2749,12.53,"NAN","NAN",0,0,0,992.8069,5.611,6.384,283.9,280.7,-7.139,-7.602,-7.901,-7.506
"2026-03-19 16:43:00",2750,12.53,"NAN","NAN",0,0,0,992.7384,5.31,6.069,283.2,280.2,-7.296,-7.591,-8.02,-7.497
"2026-03-19 16:44:00",2751,12.53,"NAN","NAN",0,0,0,992.6699,5.01,5.711,282.6,279.2,-7.441,-7.596,-8.24,-7.504
"2026-03-19 16:45:00",2752,12.53,"NAN","NAN",0,0,0,992.7384,4.852,5.511,282.3,278.3,-7.528,-7.613,-8.45,-7.522
"2026-03-19 16:46:00",2753,12.53,"NAN","NAN",0,0,0,992.7384,4.638,5.325,281.8,277.5,-7.626,-7.636,-8.66,-7.548
"2026-03-19 16:47:00",2754,12.53,"NAN","NAN",0,0,0,992.8069,4.638,5.325,281.6,276.8,-7.692,-7.663,-8.81,-7.58
"2026-03-19 16:48:00",2755,12.53,"NAN","NAN",0,0,0,992.8069,4.638,5.325,281.4,276.3,-7.719,-7.693,-8.93,-7.614
"2026-03-19 16:49:00",2756,12.53,"NAN","NAN",0,0,0,992.8754,4.638,5.325,281.3,275.9,-7.747,-7.722,-9.03,-7.648
"2026-03-19 16:50:00",2757,12.53,"NAN","NAN",0,0,0,992.8754,4.638,5.31,280.9,275.5,-7.842,-7.751,-9.13,-7.682
"2026-03-19 16:51:00",2758,12.53,"NAN","NAN",0,0,0,992.8069,4.566,5.081,280.9,275.2,-7.839,-7.783,-9.2,-7.718
"2026-03-19 16:52:00",2759,12.53,"NAN","NAN",0,0,0,992.8069,4.294,4.981,281,275.1,-7.833,-7.814,-9.22,-7.752
"2026-03-19 16:53:00",2760,12.53,"NAN","NAN",0,0,0,992.8069,4.294,4.824,280.8,274.9,-7.861,-7.844,-9.27,-7.783
"2026-03-19 16:54:00",2761,12.53,"NAN","NAN",0,0,0,992.8069,4.108,4.638,280.8,274.6,-7.88,-7.872,-9.36,-7.812
"2026-03-19 16:55:00",2762,12.53,"NAN","NAN",0,0,0,992.8069,3.951,4.552,280.6,274.3,-7.923,-7.898,-9.42,-7.842
"2026-03-19 16:56:00",2763,12.53,"NAN","NAN",0,0,0,992.7384,3.951,4.323,280.4,274.1,-7.97,-7.923,-9.46,-7.87
"2026-03-19 16:57:00",2764,12.53,"NAN","NAN",0,0,0,992.8069,3.808,4.294,280.3,273.8,-7.995,-7.946,-9.54,-7.894
"2026-03-19 16:58:00",2765,12.53,"NAN","NAN",0,0,0,992.8069,3.607,4.294,280.2,273.4,-8.01,-7.966,-9.64,-7.916
"2026-03-19 16:59:00",2766,12.53,"NAN","NAN",0,0,0,992.8069,3.607,4.294,279.8,273,-8.1,-7.987,-9.72,-7.941
"2026-03-19 17:00:00",2767,12.53,"NAN","NAN",0,0,0,992.8069,3.607,4.294,278.9,272.5,-8.31,-8.01,-9.86,-7.969
"2026-03-19 17:01:00",2768,12.53,"NAN","NAN",0,0,0,992.8069,3.607,4.28,278.8,272.1,-8.36,-8.04,-9.94,-8
"2026-03-19 17:02:00",2769,12.53,"NAN","NAN",0,0,0,992.8069,3.607,4.151,279.6,272.7,-8.14,-8.07,-9.8,-8.02
"2026-03-19 17:03:00",2770,12.53,"NAN","NAN",0,0,0,992.8069,3.607,4.022,280.2,273,-8.01,-8.08,-9.74,-8.04
"2026-03-19 17:04:00",2771,12.53,"NAN","NAN",0,0,0,992.8069,3.564,3.951,280,272.9,-8.05,-8.09,-9.75,-8.05
"2026-03-19 17:05:00",2772,12.53,"NAN","NAN",0,0,0,992.9438,3.306,3.951,279.9,273.2,-8.08,-8.1,-9.69,-8.05
"2026-03-19 17:06:00",2773,12.53,"NAN","NAN",0,0,0,992.9438,3.264,3.793,279.7,272.8,-8.13,-8.11,-9.77,-8.06
"2026-03-19 17:07:00",2774,12.53,"NAN","NAN",0,0,0,992.9438,3.264,3.621,280.1,272.9,-8.04,-8.12,-9.75,-8.08
"2026-03-19 17:08:00",2775,12.53,"NAN","NAN",0,0,0,992.9438,3.163,3.607,280.7,273.4,-7.905,-8.13,-9.64,-8.09
"2026-03-19 17:09:00",2776,12.53,"NAN","NAN",0,0,0,992.9438,2.92,3.507,280.7,273.6,-7.883,-8.13,-9.6,-8.09
"2026-03-19 17:10:00",2777,12.53,"NAN","NAN",0,0,0,992.9438,2.92,3.306,280.1,273.4,-8.03,-8.14,-9.64,-8.09
"2026-03-19 17:11:00",2778,12.53,"NAN","NAN",0,0,0,992.9438,2.805,3.264,280.4,273.4,-7.97,-8.14,-9.62,-8.1
"2026-03-19 17:12:00",2779,12.53,"NAN","NAN",0,0,0,992.9438,2.591,3.149,281,273.7,-7.821,-8.15,-9.57,-8.1
"2026-03-19 17:13:00",2780,12.53,"NAN","NAN",0,0,0,992.9438,2.576,3.006,281.4,273.9,-7.726,-8.15,-9.5,-8.1
"2026-03-19 17:14:00",2781,12.53,"NAN","NAN",0,0,0,992.9438,2.576,2.92,281.2,274.1,-7.765,-8.15,-9.46,-8.1
"2026-03-19 17:15:00",2782,12.53,"NAN","NAN",0,0,0,993.0124,2.476,2.92,280.9,274.5,-7.839,-8.16,-9.38,-8.1
"2026-03-19 17:16:00",2783,12.53,"NAN","NAN",0,0,0,993.0809,2.405,2.834,280.9,274.8,-7.836,-8.16,-9.31,-8.11
"2026-03-19 17:17:00",2784,12.53,"NAN","NAN",0,0,0,993.0809,2.405,2.648,280.8,275.1,-7.873,-8.17,-9.23,-8.11
"2026-03-19 17:18:00",2785,12.53,"NAN","NAN",0,0,0,993.1494,2.405,2.576,280.9,275.5,-7.84,-8.17,-9.13,-8.11
"2026-03-19 17:19:00",2786,12.53,"NAN","NAN",0,0,0,993.1494,2.347,2.562,281,275.7,-7.833,-8.18,-9.08,-8.12
"2026-03-19 17:20:00",2787,12.53,"NAN","NAN",0,0,0,993.2179,2.204,2.405,281.1,276.1,-7.793,-8.18,-8.99,-8.12
"2026-03-19 17:21:00",2788,12.53,"NAN","NAN",0,0,0,993.2179,2.061,2.29,281.2,276.2,-7.775,-8.19,-8.96,-8.12
"2026-03-19 17:22:00",2789,12.53,"NAN","NAN",0,0,0,993.2179,2.061,2.233,281.3,276.4,-7.759,-8.19,-8.9,-8.13
"2026-03-19 17:23:00",2790,12.53,"NAN","NAN",0,0,0,993.2179,2.061,2.233,281.6,276.7,-7.683,-8.19,-8.84,-8.13
"2026-03-19 17:24:00",2791,12.53,"NAN","NAN",0,0,0,993.1494,2.061,2.233,281.7,277,-7.669,-8.19,-8.76,-8.12
"2026-03-19 17:25:00",2792,12.53,"NAN","NAN",0,0,0,993.1494,2.061,2.233,282,277.1,-7.581,-8.19,-8.74,-8.12
"2026-03-19 17:26:00",2793,12.53,"NAN","NAN",0,0,0,993.1494,1.947,2.104,282.1,277.2,-7.562,-8.19,-8.72,-8.12
"2026-03-19 17:27:00",2794,12.53,"NAN","NAN",0,0,0,993.0809,1.889,1.918,282.3,277.5,-7.527,-8.18,-8.65,-8.11
"2026-03-19 17:28:00",2795,12.53,"NAN","NAN",0,0,0,993.0809,1.732,1.889,282.2,277.6,-7.543,-8.17,-8.64,-8.11
"2026-03-19 17:29:00",2796,12.53,"NAN","NAN",0,0,0,993.0809,1.718,1.889,282.1,277.6,-7.555,-8.17,-8.64,-8.1
"2026-03-19 17:30:00",2797,12.53,"NAN","NAN",0,0,0,993.0809,1.718,1.889,282.2,277.5,-7.533,-8.16,-8.65,-8.1
"2026-03-19 17:31:00",2798,12.53,"NAN","NAN",0,0,0,993.0809,1.718,1.889,282.3,277.2,-7.525,-8.15,-8.72,-8.09
"2026-03-19 17:32:00",2799,12.53,"NAN","NAN",0,0,0,993.0809,1.718,1.889,282.3,277.3,-7.514,-8.14,-8.71,-8.08
"2026-03-19 17:33:00",2800,12.53,"NAN","NAN",0,0,0,993.0809,1.646,1.832,282.6,277.2,-7.449,-8.13,-8.73,-8.07
"2026-03-19 17:34:00",2801,12.53,"NAN","NAN",0,0,0,993.0809,1.546,1.718,282.7,277.2,-7.416,-8.12,-8.73,-8.06
"2026-03-19 17:35:00",2802,12.53,"NAN","NAN",0,0,0,993.1494,1.403,1.718,282.9,277.2,-7.374,-8.11,-8.72,-8.05
"2026-03-19 17:36:00",2803,12.53,"NAN","NAN",0,0,0,993.0809,1.374,1.718,282.9,277.3,-7.38,-8.1,-8.7,-8.04
"2026-03-19 17:37:00",2804,12.53,"NAN","NAN",0,0,0,993.1494,1.374,1.718,282.9,277.2,-7.385,-8.09,-8.73,-8.03
"2026-03-19 17:38:00",2805,12.53,"NAN","NAN",0,0,0,993.1494,1.374,1.689,283,277.1,-7.359,-8.08,-8.74,-8.02
"2026-03-19 17:39:00",2806,12.53,"NAN","NAN",0,0,0,993.0809,1.374,1.546,282.8,277.1,-7.394,-8.07,-8.74,-8.01
"2026-03-19 17:40:00",2807,12.53,"NAN","NAN",0,0,0,993.0809,1.36,1.446,282.6,277.4,-7.451,-8.06,-8.67,-7.998
"2026-03-19 17:41:00",2808,12.53,"NAN","NAN",0,0,0,993.0809,1.245,1.374,282.7,278,-7.415,-8.05,-8.54,-7.988
"2026-03-19 17:42:00",2809,12.53,"NAN","NAN",0,0,0,993.0809,1.202,1.374,283.2,278.7,-7.305,-8.04,-8.37,-7.973
"2026-03-19 17:43:00",2810,12.53,"NAN","NAN",0,0,0,993.0124,1.202,1.374,283.6,279.3,-7.205,-8.01,-8.22,-7.951
"2026-03-19 17:44:00",2811,12.53,"NAN","NAN",0,0,0,993.0124,1.145,1.374,283.7,279.7,-7.181,-7.987,-8.12,-7.926
"2026-03-19 17:45:00",2812,12.53,"NAN","NAN",0,0,0,993.0124,1.059,1.374,284,280.1,-7.111,-7.963,-8.04,-7.903
"2026-03-19 17:46:00",2813,12.53,"NAN","NAN",0,0,0,992.9438,1.031,1.374,284.1,280.3,-7.103,-7.938,-7.994,-7.88
"2026-03-19 17:47:00",2814,12.53,"NAN","NAN",0,0,0,993.0124,1.031,1.374,284.2,280.5,-7.08,-7.913,-7.939,-7.855
"2026-03-19 17:48:00",2815,12.53,"NAN","NAN",0,0,0,993.0809,1.031,1.346,284.2,280.8,-7.066,-7.886,-7.877,-7.828
"2026-03-19 17:49:00",2816,12.53,"NAN","NAN",0,0,0,993.0809,1.031,1.245,284.3,281,-7.045,-7.859,-7.827,-7.8
"2026-03-19 17:50:00",2817,12.53,"NAN","NAN",0,0,0,993.0809,1.031,1.202,284.4,281.1,-7.035,-7.832,-7.808,-7.772
"2026-03-19 17:51:00",2818,12.53,"NAN","NAN",0,0,0,993.0809,1.031,1.102,284.4,281,-7.028,-7.804,-7.818,-7.744
"2026-03-19 17:52:00",2819,12.53,"NAN","NAN",0,0,0,992.9438,1.031,1.031,284.4,281,-7.035,-7.778,-7.818,-7.718
"2026-03-19 17:53:00",2820,12.53,"NAN","NAN",0,0,0,992.9438,0.916,1.031,284.3,281,-7.036,-7.753,-7.819,-7.694
"2026-03-19 17:54:00",2821,12.53,"NAN","NAN",0,0,0,992.9438,0.859,1.031,284.4,281,-7.015,-7.729,-7.832,-7.67
"2026-03-19 17:55:00",2822,12.53,"NAN","NAN",0,0,0,992.9438,0.859,1.031,284.5,281.1,-6.991,-7.706,-7.81,-7.647
"2026-03-19 17:56:00",2823,12.53,"NAN","NAN",0,0,0,993.0809,0.83,1.031,284.6,281.1,-6.975,-7.682,-7.802,-7.624
"2026-03-19 17:57:00",2824,12.52,"NAN","NAN",0,0,0,993.0809,0.744,1.031,284.5,281.3,-6.992,-7.658,-7.76,-7.599
